                    15                     0
   2.19657305989374     
 -6.340103549110977E-002
  2.763375856228690E-002
  6.479566629429992E-017
 -9.232575122352016E-017
  0.597587857140550     
  6.926652543798353E-016
  5.233076441290487E-016
 -3.999568731760661E-011
  0.597587857322428     
 -1.583740041914497E-015
  7.101657885752560E-015
  4.357633231466976E-017
  2.892876352593865E-016
  0.723860169586075     
  4.890341190031678E-002
 -4.515943517273062E-002
 -1.530125162297289E-015
 -1.871859280393581E-016
  0.173943331234918     
   2.11423165837003     
 -0.173502492955680     
 -2.209106465059169E-002
  1.393738721380278E-015
  1.536009321280138E-016
 -8.627461458559599E-002
 -0.363877573307834     
   1.73288671528177     
  1.681926469467166E-017
 -8.163836634672098E-017
  0.423612504511024     
 -4.898383751486419E-013
 -4.680057248010632E-016
  1.352157901589729E-015
 -9.656441573019536E-016
   1.35671425820222     
 -1.643796982718543E-016
 -1.514912860588238E-015
 -4.892815665327348E-013
  0.423612504513251     
 -4.772984157968152E-016
  1.221207778797369E-015
 -1.132439615963051E-016
  1.940669847044774E-011
   1.35671425811397     
 -0.335157863425622     
  0.144745221136100     
 -2.074104519379059E-015
 -7.560233207066896E-016
 -0.597123141948065     
  5.878946664871051E-002
 -0.568125100007907     
  1.604850254212257E-015
  1.007417403543143E-015
   1.64021278983196     
  4.890341190031987E-002
 -4.515943517272089E-002
 -1.728510360913429E-016
 -2.017864139653196E-016
 -0.173943331234922     
 -7.725903220898916E-003
 -6.240517555704000E-002
 -1.110026170045667E-016
  8.908540704939047E-017
  4.794930150298027E-003
   2.11423165837004     
 -0.173502492955678     
 -2.209106465063392E-002
 -3.617399178316639E-016
 -3.838011553082417E-016
  8.627461458557245E-002
 -6.240517555703243E-002
  0.263404865973623     
  2.562144364802202E-017
  1.121629715431693E-015
  0.234454764466795     
 -0.363877573307836     
   1.73288671528184     
  3.123784209446598E-017
  2.594392340805127E-016
  0.423612504511038     
 -4.869913530678022E-013
 -4.071377959850367E-016
  1.654795370612092E-015
 -2.290001015710551E-015
 -0.756141298648569     
  1.940286820101278E-011
  1.158304173352295E-015
 -1.033325110906488E-016
  1.015731808547993E-015
   1.35671425820219     
 -9.572714698161769E-016
  2.448255338518929E-015
 -4.887000180717578E-013
  0.423612504513254     
  4.972879881424281E-016
 -2.703469353438088E-016
 -9.237136129146469E-016
  1.940464455785218E-011
 -0.756141298736819     
  6.026868595001191E-017
  2.348017585145549E-016
 -1.567002553144027E-015
  1.940533844724257E-011
   1.35671425811397     
  0.335157863425615     
 -0.144745221136129     
 -3.861804129192207E-016
  3.716963755718525E-016
 -0.597123141948099     
 -4.794930150303883E-003
 -0.234454764466802     
  1.778207075813343E-016
 -6.300673300886815E-016
 -2.407654096176659E-002
 -5.878946664870967E-002
  0.568125100007935     
  6.112688650306474E-017
  6.504833653763918E-016
   1.64021278983192     
