INTGRL        1    0    1    0    0    0    0    0    0
         *** CFOUR Program System (Release V0.1) *** 
CO2
    3    0            0.10E-08              0    0
   9999.00      3.00
          6.00000000    1    2    1    1
C #1   0.000000000000000  -0.000000000000000   0.000000000000000
    6    2
   71.6168373000000       0.154329000000000       0.000000000000000E+000
   13.0450963000000       0.535328100000000       0.000000000000000E+000
   3.53051220000000       0.444634500000000       0.000000000000000E+000
   2.94124940000000       0.000000000000000E+000 -9.996720000000001E-002
  0.683483100000000       0.000000000000000E+000  0.399512800000000     
  0.222289900000000       0.000000000000000E+000  0.700115500000000     
    3    1
   2.94124940000000       0.155916300000000     
  0.683483100000000       0.607683700000000     
  0.222289900000000       0.391957400000000     
          8.00000000    1    2    1    1
O #2   0.000000000000000   0.000000000000000  -1.511781216534125
    6    2
   130.709321400000       0.154329000000000       0.000000000000000E+000
   23.8088661000000       0.535328100000000       0.000000000000000E+000
   6.44360830000000       0.444634500000000       0.000000000000000E+000
   5.03315130000000       0.000000000000000E+000 -9.996720000000001E-002
   1.16959610000000       0.000000000000000E+000  0.399512800000000     
  0.380389000000000       0.000000000000000E+000  0.700115500000000     
    3    1
   5.03315130000000       0.155916300000000     
   1.16959610000000       0.607683700000000     
  0.380389000000000       0.391957400000000     
          8.00000000    1    2    1    1
O #3  -0.000000000000000   0.000000000000000   1.511781216534125
    6    2
   130.709321400000       0.154329000000000       0.000000000000000E+000
   23.8088661000000       0.535328100000000       0.000000000000000E+000
   6.44360830000000       0.444634500000000       0.000000000000000E+000
   5.03315130000000       0.000000000000000E+000 -9.996720000000001E-002
   1.16959610000000       0.000000000000000E+000  0.399512800000000     
  0.380389000000000       0.000000000000000E+000  0.700115500000000     
    3    1
   5.03315130000000       0.155916300000000     
   1.16959610000000       0.607683700000000     
  0.380389000000000       0.391957400000000     
FINISH
