
STO-3G
3  6

 H 
 1	
 3 2 1 1
   0.1543290 3.4252509
   0.5353281 0.6239137
   0.4446345 0.1688554

 He
 1
 3 2 1 1
   0.1543290 6.3624214
   0.5353281 1.1589230
   0.4446345 0.3136498

 Li
 3
 3 2 1 1
   0.1543290 16.1195748
   0.5353281 2.9362007
   0.4446345 0.7946505
 3 2 2 1
   -0.0999672 0.6362897
   0.3995128 0.1478601
   0.7001155 0.0480887
 3 2 2 2
   0.1559163 0.6362897
   0.6076837 0.1478601
   0.3919574 0.0480887

 Be
 3
 3 2 1 1
   0.1543290 30.1678707
   0.5353281 5.4951153
   0.4446345 1.4871927
 3 2 2 1
   -0.0999672 1.3148331
    0.3995128 0.3055389
    0.7001155 0.0993707
 3 2 2 2
    0.1559163 1.3148331
    0.6076837 0.3055389
    0.3919574 0.0993707

 B


 C 
 3		
 3 2 1 1		
   0.1543290 71.6168373
   0.5353281 13.0450963 
   0.4446345 3.5305122 
 3 2 2 1	
   -0.099967 2.9412494 
   0.3995128 0.6834831 
   0.7001155 0.2222899 
 3 2 2 2 
   0.1559163 2.9412494 
   0.6076837 0.6834831
   0.3919574 0.2222899 

 N

 O

 F

 Ne
