C    6.00000  -0.000000000000000   0.000000000000000   1.079696608173800
s    6    2
   71.6168373000000       0.154329000000000       0.000000000000000E+000
   13.0450963000000       0.535328100000000       0.000000000000000E+000
   3.53051220000000       0.444634500000000       0.000000000000000E+000
   2.94124940000000       0.000000000000000E+000 -9.996720000000001E-002
  0.683483100000000       0.000000000000000E+000  0.399512800000000     
  0.222289900000000       0.000000000000000E+000  0.700115500000000     
p    3    1
   2.94124940000000       0.155916300000000     
  0.683483100000000       0.607683700000000     
  0.222289900000000       0.391957400000000     
O    8.00000   0.000000000000000   0.000000000000000  -0.810029912493856
s    6    2
   130.709321400000       0.154329000000000       0.000000000000000E+000
   23.8088661000000       0.535328100000000       0.000000000000000E+000
   6.44360830000000       0.444634500000000       0.000000000000000E+000
   5.03315130000000       0.000000000000000E+000 -9.996720000000001E-002
   1.16959610000000       0.000000000000000E+000  0.399512800000000     
  0.380389000000000       0.000000000000000E+000  0.700115500000000     
p    3    1
   5.03315130000000       0.155916300000000     
   1.16959610000000       0.607683700000000     
  0.380389000000000       0.391957400000000     
END
