                   10                    0
   2.1234129951392671     
 -0.41651538206403210     
   1.8037780045249456     
   0.0000000000000000     
   0.0000000000000000     
  0.39179801471173098     
   0.0000000000000000     
   0.0000000000000000     
   0.0000000000000000     
  0.39179801471173098     
 -0.13698559608662492     
  0.81355024486303940     
   0.0000000000000000     
   0.0000000000000000     
  0.69488454875239347     
   2.0869884951505938E-002
   1.8153454351942537E-002
   0.0000000000000000     
   0.0000000000000000     
   9.6194312312508079E-002
   2.1111961044187817     
  -3.5475241264671671E-002
 -0.27655272995254049     
   0.0000000000000000     
   0.0000000000000000     
 -0.20196677807646329     
 -0.44312114338627412     
   1.9667413739344941     
   0.0000000000000000     
   0.0000000000000000     
  0.67838966997628791     
   0.0000000000000000     
   0.0000000000000000     
   0.0000000000000000     
   0.0000000000000000     
   1.1746168358436997     
   0.0000000000000000     
   0.0000000000000000     
   0.0000000000000000     
  0.67838966997628791     
   0.0000000000000000     
   0.0000000000000000     
   0.0000000000000000     
   0.0000000000000000     
   1.1746168358436997     
 -0.16314342793627870     
   5.5423298066811566E-002
   0.0000000000000000     
   0.0000000000000000     
 -0.61235554563572236     
   6.6306543724921327E-002
 -0.47868228949085539     
   0.0000000000000000     
   0.0000000000000000     
   1.4503751377496807     
