   3.0000001192092896E-002  0.99008936048423790        3.1361709964642964E-002
  0.12999999523162842       0.95830565326166695        2.8550500634961645E-002
  0.22999999523162842       0.92834612762095170        2.5992139220789089E-002
  0.32999999523162843       0.90008642993785681        2.3663815105303514E-002
  0.43000001907348634       0.87341141977383763        2.1544780497637084E-002
  0.53000001907348637       0.84821447798410765        1.9616165456121385E-002
  0.63000001907348635       0.82439680763748036        1.7860804747532252E-002
  0.73000001907348633       0.80186685200353947        1.6263085254026241E-002
  0.83000001907348631       0.78053972898922774        1.4808804835862256E-002
  0.93000001907348628       0.76033671688670257        1.3485044494813369E-002
   1.0300000190734864       0.74118478121149445        1.2280052146464821E-002
   1.1300000190734862       0.72301613926203090        1.1183136944978175E-002
   1.2300000190734863       0.70576785931314345        1.0184573200221278E-002
   1.3300000190734864       0.68938149161386497        9.2755130146859651E-003
   1.4300000190734863       0.67380272859566481        8.4479068471449946E-003
   1.5300000190734864       0.65898109191315868        7.6944312822678617E-003
   1.6299999237060547       0.64486965727017476        7.0084239751149885E-003
   1.7299999237060546       0.63142473561672186        6.3838213750533526E-003
   1.8299999237060547       0.61860570899773826        5.8151083325850917E-003
   1.9299999237060548       0.60637475039725830        5.2972660375888081E-003
   2.0299999237060549       0.59469662942341461        4.8257277922481414E-003
   2.1299999237060545       0.58353852038260234        4.3963381673145282E-003
   2.2299999237060546       0.57286982523284480        4.0053158576493966E-003
   2.3299999237060547       0.56266201022405071        3.6492199012175207E-003
   2.4299999237060548       0.55288845513072549        3.3249189562550513E-003
   2.5299999237060549       0.54352431407240065        3.0295633591025887E-003
   2.6299999237060545       0.53454638699924839        2.7605597104301367E-003
   2.7299999237060546       0.52593300099569995        2.5155477605176154E-003
   2.8299999237060547       0.51766390062396184        2.2923793851019974E-003
   2.9299999237060548       0.50972014659265519        2.0890994622505678E-003
   3.0299999237060549       0.50208402209387526        1.9039284779427100E-003
   3.1299999237060545       0.49473894620522685        1.7352467036966270E-003
   3.2299999237060546       0.48766939380223279        1.5815798038119222E-003
   3.3299999237060547       0.48086082147132547        1.4415857427182062E-003
   3.4299999237060548       0.47429959895473778        1.3140428747035785E-003
   3.5299999237060549       0.46797294569632802        1.1978391089573785E-003
   3.6299999237060545       0.46186887209199123        1.0919620525939729E-003
   3.7299999237060546       0.45597612508007734        9.9549004315045296E-004
   3.8299999237060547       0.45028413773640413        9.0758399008078114E-004
   3.9299999237060548       0.44478298256522186        8.2747995206784806E-004
   4.0299999237060549       0.43946332820207989        7.5448238361040690E-004
   4.1299999237060545       0.43431639926711541        6.8795799037428670E-004
   4.2299999237060550       0.42933393912803181        6.2733013828180782E-004
   4.3299999237060547       0.42450817535107405        5.7207376629929993E-004
   4.4299999237060543       0.41983178763582168        5.2171075741621015E-004
   4.5299999237060549       0.41529787804570112        4.7580572643085562E-004
   4.6299999237060545       0.41089994336089658        4.3396218690546119E-004
   4.7299999237060550       0.40663184939393776        3.9581906306051796E-004
   4.8299999237060547       0.40248780712072491        3.6104751547668871E-004
   4.9299999237060543       0.39846235049124779        3.2934805228961185E-004
   5.0299999237060549       0.39455031579481370        3.0044790012451243E-004
   5.1299999237060545       0.39074682246432302        2.7409861134685564E-004
   5.2299999237060550       0.38704725521306510        2.5007388632333180E-004
   5.3299999237060547       0.38344724740574238        2.2816759131359584E-004
   5.4299999237060543       0.37994266557299172        2.0819195436471935E-004
   5.5299999237060549       0.37652959498565103        1.8997592317314971E-004
   5.6299999237060545       0.37320432621142574        1.7336367032754743E-004
   5.7299999237060550       0.36996334258252911        1.5821323266322241E-004
   5.8299999237060547       0.36680330850829740        1.4439527265699230E-004
   5.9299999237060543       0.36372105857181081        1.3179195088091735E-004
   6.0299999237060549       0.36071358735415127        1.2029589952437868E-004
   6.1299999237060545       0.35777803993419943        1.0980928789533465E-004
   6.2299999237060550       0.35491170301578495        1.0024297163138765E-004
   6.3299999237060547       0.35211199663762727        9.1515718096982153E-005
   6.4300003051757812       0.34937645610901552        8.3553472119296516E-005
   6.5300003051757809       0.34670276625955898        7.6288832384393927E-005
   6.6300003051757814       0.34408869206420117        6.9660284877548709E-005
   6.7300003051757811       0.34153211427670005        6.3611794571589417E-005
   6.8300003051757816       0.33903101293686372        5.8092288803020079E-005
   6.9300003051757812       0.33658346181157556        5.3055215804636232E-005
   7.0300003051757809       0.33418762318463707        4.8458142565134112E-005
   7.1300003051757814       0.33184174297760655        4.4262388800838656E-005
   7.2300003051757811       0.32954414617148703        4.0432693411048695E-005
   7.3300003051757816       0.32729323251405112        3.6936910788210171E-005
   7.4300003051757812       0.32508747249149494        3.3745734200887468E-005
   7.5300003051757809       0.32292540354693933        3.0832443843175943E-005
   7.6300003051757814       0.32080562652917538        2.8172677341693825E-005
   7.7300003051757811       0.31872680235649098        2.5744220713023598E-005
   7.8300003051757816       0.31668764888081347        2.3526817936671923E-005
   7.9300003051757812       0.31468693793953079        2.1501997486253355E-005
   8.0300003051757809       0.31272349258223398        1.9652914297764523E-005
   8.1300003051757805       0.31079618446108681        1.7964205797494398E-005
   8.2300003051757820       0.30890393137415451        1.6421860733362244E-005
   8.3300003051757816       0.30704569495177902        1.5013099666390506E-005
   8.4300003051757812       0.30522047847678585        1.3726266081481076E-005
   8.5300003051757809       0.30342732482995793        1.2550727169969491E-005
   8.6300003051757805       0.30166531455277334        1.1476783421189280E-005
   8.7300003051757820       0.29993356401998600        1.0495586237630018E-005
   8.8300003051757816       0.29823122371511568        9.5990628585127868E-006
   8.9300003051757812       0.29655747660239568        8.7798479406142675E-006
   9.0300003051757809       0.29491153658916242        8.0312212034129627E-006
   9.1300003051757805       0.29329264707307318        7.3470505986459110E-006
   9.2300003051757820       0.29170007956892585        6.7217405126240896E-006
   9.3300003051757816       0.29013313241019356        6.1501845535846054E-006
   9.4300003051757812       0.28859112952071886        5.6277225163488948E-006
   9.5300003051757809       0.28707341925231555        5.1501011529626013E-006
   9.6300003051757805       0.28557937328430177        4.7134384111355508E-006
   9.7300003051757820       0.28410838558125379        4.3141908324754895E-006
   9.8300003051757816       0.28265987140551302        3.9491238299807582E-006
   9.9300003051757812       0.28123326638119839        3.6152845892699115E-006
   10.030000305175781       0.27982802560669712        3.3099773608003298E-006
   10.130000305175781       0.27844362281278956        3.0307409310639980E-006
   10.230000305175782       0.27707954956375980        2.7753280796308670E-006
   10.330000305175782       0.27573531449900129        2.5416868461035816E-006
   10.430000305175781       0.27441044261278913        2.3279434467043151E-006
   10.530000305175781       0.27310447459809184        2.1323866969146915E-006
   10.630000305175781       0.27181696608671108        1.9534537923558425E-006
   10.730000305175782       0.27054748719131061        1.7897173639343095E-006
   10.830000305175782       0.26929562181324584        1.6398736467910306E-006
   10.930000305175781       0.26806096710843519        1.5027317001949589E-006
   11.030000305175781       0.26684313295484052        1.3772035714800560E-006
   11.130000305175781       0.26564174144518504        1.2622953230030246E-006
   11.230000305175782       0.26445642640521549        1.1570988460376912E-006
   11.330000305175782       0.26328683293110439        1.0607843920166978E-006
   11.430000305175781       0.26213261691051781        9.7259375710902428E-007
   11.530000305175781       0.26099344477461484        8.9183406883730911E-007
   11.630000305175781       0.25986899284001336        8.1787210531025024E-007
   11.730000305175782       0.25875894710742597        7.5012912258206950E-007
   11.830000305175782       0.25766300284381194        6.8807612808600025E-007
   11.930000305175781       0.25658086424320808        6.3122956845202039E-007
   12.030000305175781       0.25551224746606560        9.0161436500798905E-005
