  1.456084073265484E-003  3.255774717238285E-002  1.314212877191826E-016
 -1.094045087100940E-017  1.286315530351346E-013 -0.702114618998244     
 -3.144245998787764E-002  4.059868412777751E-018 -1.214554050809641E-018
 -1.047214403262584E-002 -0.702114619005235      -3.144245998823973E-002
  3.551754486189427E-019 -5.258165110640137E-019  1.047214403275951E-002
  7.324614952283755E-015  1.627925241859288E-013  2.812641359116083E-016
  8.283751165601991E-019 -2.587450669767227E-002 -0.702592802948304     
 -3.641312925096440E-002  1.213236026327823E-017 -6.448233053994647E-019
 -1.343782731875395E-002  0.702592802941317       3.641312925065057E-002
  1.043436611363111E-017 -2.576548571325887E-018 -1.343782731864898E-002
 -0.989430716154426      -1.640552043128479E-003 -1.406509728032414E-018
  9.465094591724140E-019  2.924465543811920E-016  6.628109278779954E-003
 -1.235489100682356E-002 -1.110627073000361E-019 -5.159203954309156E-019
 -1.597082584462985E-002  6.628109278780033E-003 -1.235489100682403E-002
 -2.445023901150703E-019 -2.479189967657210E-019  1.597082584463006E-002
  0.300126997335908      -5.499280714833322E-002 -1.527039946273114E-016
  6.476697562753061E-017  5.176412280830582E-015  0.158873281724458     
 -0.568097196109541      -4.570288284931140E-017  1.507662373619527E-018
 -0.280113514179805       0.158873281724456      -0.568097196109544     
 -1.265705041084732E-017  3.981865720994574E-017  0.280113514179807     
 -9.525884528552196E-016  2.708873062349294E-015 -1.680127085480002E-015
  3.615948059189857E-016  0.526421078318275       0.174624339528014     
 -0.354068436080915      -1.108716812320900E-015  3.255794810683308E-016
 -0.244617566012847      -0.174624339528015       0.354068436080916     
 -5.162066996672088E-016  5.224467256818230E-017 -0.244617566012847     
 -2.928359523169954E-017  5.944637766734146E-016 -0.238480567252363     
  0.491853855460390       5.250700732858331E-017 -5.168819051719418E-016
  1.814804645803197E-015 -0.169051758916473       0.348660523385207     
 -1.369583210716351E-015  4.130325700184022E-016 -2.072295755415322E-015
 -0.169051758916471       0.348660523385207      -9.371538277385101E-016
 -9.297221894806443E-017 -3.957341196151035E-016  0.491853855460247     
  0.238480567252344       1.024791716030863E-015  3.152581200274165E-016
  1.248514658478219E-016  0.348660523385304       0.169051758916484     
 -1.926989650138290E-015 -1.636314540697930E-016 -3.820788900337139E-016
  0.348660523385305       0.169051758916486      -2.984030583620826E-015
 -7.430029317326631E-016  2.590015903194512E-015 -6.423284386909880E-016
 -1.570102319178097E-015  0.290076602465033      -7.974527228761227E-002
  0.490588967541475      -1.246062410399477E-015 -1.707318172325885E-015
 -0.586531034495560       7.974527228761318E-002 -0.490588967541481     
  2.600133676444668E-016 -1.895344206367239E-015 -0.586531034495564     
  0.170988615545096      -9.862900433892986E-002  2.507473196530386E-016
  6.597162628334237E-017 -2.794348520630842E-015 -9.152542669507938E-002
  0.418564613342525       4.227156423943641E-016  3.845477692042415E-016
 -0.580730360852170      -9.152542669507902E-002  0.418564613342527     
  2.836805822852582E-016 -1.168348669162307E-016  0.580730360852162     
 -2.271292731512409E-017 -1.512955492626946E-016 -2.986822019823589E-016
  9.338161752349032E-016  3.099815449529140E-016 -2.543731816459102E-017
  3.747427469669293E-016  0.696742676241191       0.206795213030918     
 -4.680414429566772E-016  4.278423505168358E-017 -3.826171597876880E-016
 -0.696742676241190      -0.206795213030917      -7.593891673695293E-016
  4.412630056258088E-017  3.950598100534638E-017 -2.799744303851999E-016
 -1.366336175303508E-015  2.200125167973660E-016 -9.454960750641528E-017
  4.354371844940993E-016  0.206795213030917      -0.696742676241189     
 -5.407145347366849E-016 -1.162239569141755E-017 -2.334832412867949E-016
 -0.206795213030918       0.696742676241191      -1.722203231803713E-016
  3.805231509992371E-017 -3.511203572388838E-015   1.13379583468682     
  0.244893309011224      -4.933351268126787E-016  1.457755200858197E-017
  1.035090833449517E-015 -0.776018326981746      -0.167615447273538     
  7.282337794133330E-016 -3.212111226816942E-016  2.654060156625913E-015
 -0.776018326981747      -0.167615447273538      -1.101144764899180E-015
  1.086643190093097E-017 -3.053337383560241E-015  0.244893309011199     
  -1.13379583468676       1.606741179337168E-016 -1.825849780599627E-016
  1.716836236186323E-015 -0.167615447273555       0.776018326981793     
  6.041776463896729E-016 -6.584120680637002E-017  1.410748885428723E-015
 -0.167615447273555       0.776018326981790      -1.131160791418822E-015
 -7.862544322698681E-003   2.69331368329912       1.848020873309451E-015
 -9.714265872142226E-016 -1.757102583212577E-015  0.115812306068845     
  -1.41347335562278      -1.057280839919312E-015  5.912110467093391E-016
 -0.749421454023745       0.115812306068845       -1.41347335562278     
 -1.089117329017088E-015  6.359963468460133E-016  0.749421454023747     
 -5.048047580190154E-016 -6.166157247335898E-016  2.169131399248406E-016
  8.980627375120249E-017   3.88352632793728      -6.594866901716587E-002
   2.88963803607514      -4.612712305468599E-017 -4.986525503647027E-020
   1.33517399234642       6.594866901716558E-002  -2.88963803607514     
 -4.828298825855661E-017 -1.061312286606574E-017   1.33517399234642     
