  -28.3452157429744       -6.90664117896283       0.000000000000000E+000
  0.000000000000000E+000  0.000000000000000E+000 -5.194791248224030E-002
  -3.50345074169975       0.000000000000000E+000  0.000000000000000E+000
  -5.73617497745382      -5.194791248224029E-002  -3.50345074169975     
  0.000000000000000E+000  0.000000000000000E+000   5.73617497745382     
  -6.90664117896284       -14.2833419408915       0.000000000000000E+000
  0.000000000000000E+000  0.000000000000000E+000  -3.43116659217213     
  -9.34417290736915       0.000000000000000E+000  0.000000000000000E+000
  -6.83210200906056       -3.43116659217213       -9.34417290736915     
  0.000000000000000E+000  0.000000000000000E+000   6.83210200906056     
  0.000000000000000E+000  0.000000000000000E+000  -12.1775277375684     
  0.000000000000000E+000  0.000000000000000E+000  0.000000000000000E+000
  0.000000000000000E+000  -5.71854590803252       0.000000000000000E+000
  0.000000000000000E+000  0.000000000000000E+000  0.000000000000000E+000
  -5.71854590803252       0.000000000000000E+000  0.000000000000000E+000
  0.000000000000000E+000  0.000000000000000E+000  0.000000000000000E+000
  -12.1775277375684       0.000000000000000E+000  0.000000000000000E+000
  0.000000000000000E+000  0.000000000000000E+000  -5.71854590803252     
  0.000000000000000E+000  0.000000000000000E+000  0.000000000000000E+000
  0.000000000000000E+000  -5.71854590803252       0.000000000000000E+000
  0.000000000000000E+000  0.000000000000000E+000  0.000000000000000E+000
  0.000000000000000E+000  -15.3513124382693        5.81461406907821     
   8.89470494964262       0.000000000000000E+000  0.000000000000000E+000
   2.91331959324443       -5.81461406907821       -8.89470494964262     
  0.000000000000000E+000  0.000000000000000E+000   2.91331959324443     
 -5.194791248224030E-002  -3.43116659217213       0.000000000000000E+000
  0.000000000000000E+000   5.81461406907821       -38.2299998978289     
  -8.91682767454273       0.000000000000000E+000  0.000000000000000E+000
 -0.177791704445049      -6.872334162944645E-012 -0.203878200982246     
  0.000000000000000E+000  0.000000000000000E+000  0.409441903707830     
  -3.50345074169975       -9.34417290736915       0.000000000000000E+000
  0.000000000000000E+000   8.89470494964262       -8.91682767454272     
  -14.7228073494918       0.000000000000000E+000  0.000000000000000E+000
  -1.99860139815735      -0.203878200982246       -1.95880430526805     
  0.000000000000000E+000  0.000000000000000E+000   2.69030531643178     
  0.000000000000000E+000  0.000000000000000E+000  -5.71854590803252     
  0.000000000000000E+000  0.000000000000000E+000  0.000000000000000E+000
  0.000000000000000E+000  -12.4852786575330       0.000000000000000E+000
  0.000000000000000E+000  0.000000000000000E+000  0.000000000000000E+000
 -0.710314992635890       0.000000000000000E+000  0.000000000000000E+000
  0.000000000000000E+000  0.000000000000000E+000  0.000000000000000E+000
  -5.71854590803252       0.000000000000000E+000  0.000000000000000E+000
  0.000000000000000E+000  0.000000000000000E+000  -12.4852786575330     
  0.000000000000000E+000  0.000000000000000E+000  0.000000000000000E+000
  0.000000000000000E+000 -0.710314992635890       0.000000000000000E+000
  -5.73617497745382       -6.83210200906056       0.000000000000000E+000
  0.000000000000000E+000   2.91331959324443      -0.177791704445048     
  -1.99860139815735       0.000000000000000E+000  0.000000000000000E+000
  -13.8181148410784      -0.409441903707830       -2.69030531643178     
  0.000000000000000E+000  0.000000000000000E+000   3.35557933623559     
 -5.194791248224029E-002  -3.43116659217213       0.000000000000000E+000
  0.000000000000000E+000  -5.81461406907821      -6.872334162944645E-012
 -0.203878200982246       0.000000000000000E+000  0.000000000000000E+000
 -0.409441903707830       -38.2299998978289       -8.91682767454273     
  0.000000000000000E+000  0.000000000000000E+000  0.177791704445049     
  -3.50345074169975       -9.34417290736915       0.000000000000000E+000
  0.000000000000000E+000  -8.89470494964262      -0.203878200982246     
  -1.95880430526805       0.000000000000000E+000  0.000000000000000E+000
  -2.69030531643178       -8.91682767454273       -14.7228073494918     
  0.000000000000000E+000  0.000000000000000E+000   1.99860139815735     
  0.000000000000000E+000  0.000000000000000E+000  -5.71854590803252     
  0.000000000000000E+000  0.000000000000000E+000  0.000000000000000E+000
  0.000000000000000E+000 -0.710314992635890       0.000000000000000E+000
  0.000000000000000E+000  0.000000000000000E+000  0.000000000000000E+000
  -12.4852786575330       0.000000000000000E+000  0.000000000000000E+000
  0.000000000000000E+000  0.000000000000000E+000  0.000000000000000E+000
  -5.71854590803252       0.000000000000000E+000  0.000000000000000E+000
  0.000000000000000E+000  0.000000000000000E+000 -0.710314992635890     
  0.000000000000000E+000  0.000000000000000E+000  0.000000000000000E+000
  0.000000000000000E+000  -12.4852786575330       0.000000000000000E+000
   5.73617497745382        6.83210200906056       0.000000000000000E+000
  0.000000000000000E+000   2.91331959324443       0.409441903707830     
   2.69030531643178       0.000000000000000E+000  0.000000000000000E+000
   3.35557933623559       0.177791704445048        1.99860139815735     
  0.000000000000000E+000  0.000000000000000E+000  -13.8181148410784     
