 [Molden Format]
 [ATOMS] AU
C       1      6         0.00000000         0.00000000         0.00000000
O       2      8         0.00000000         0.00000000        -0.80000000
O       3      8         0.00000000         0.00000000         0.80000000
 [Molden Format]
 [GTO]
           1           0
 s           3 1.00
   71.616837300000000       0.15432899999999999     
   13.045096300000001       0.53532809999999997     
   3.5305122000000000       0.44463449999999999     
 s           3 1.00
   2.9412493999999998       -9.9967000000000000E-002
  0.68348310000000001       0.39951280000000000     
  0.22228990000000001       0.70011550000000000     
 p           3 1.00
   2.9412493999999998       0.15591630000000001     
  0.68348310000000001       0.60768370000000005     
  0.22228990000000001       0.39195740000000001     

           2           0
 s           3 1.00
   130.70932139999999       0.15432899999999999     
   23.808866099999999       0.53532809999999997     
   6.4436083000000002       0.44463449999999999     
 s           3 1.00
   5.0331513000000001       -9.9967200000000006E-002
   1.1695960999999999       0.39951280000000000     
  0.38038899999999998       0.70011550000000000     
 p           3 1.00
   5.0331513000000001       0.15591630000000001     
   1.1695960999999999       0.60768370000000005     
  0.38038899999999998       0.39195740000000001     

           3           0
 s           3 1.00
   130.70932139999999       0.15432899999999999     
   23.808866099999999       0.53532809999999997     
   6.4436083000000002       0.44463449999999999     
 s           3 1.00
   5.0331513000000001       -9.9967200000000006E-002
   1.1695960999999999       0.39951280000000000     
  0.38038899999999998       0.70011550000000000     
 p           3 1.00
   5.0331513000000001       0.15591630000000001     
   1.1695960999999999       0.60768370000000005     
  0.38038899999999998       0.39195740000000001     


 [MO]
 Sym= A
 Ene=    -22.08766547
  Spin= Alpha
 Occup= 1.0
    1      -0.0902243371
    2       0.0439477999
    3      -0.0000000000
    4       0.0000000000
    5      -0.0000000000
    6      -0.6914093582
    7      -0.0331067085
    8      -0.0000000000
    9      -0.0000000000
   10      -0.0098090240
   11      -0.6914093582
   12      -0.0331067085
   13      -0.0000000000
   14       0.0000000000
   15       0.0098090240
 Sym= A
 Ene=    -22.02170047
  Spin= Alpha
 Occup= 1.0
    1      -0.0000000000
    2       0.0000000000
    3      -0.0000000000
    4      -0.0000000000
    5       0.0918947886
    6      -0.6948924075
    7       0.0484365809
    8      -0.0000000000
    9      -0.0000000000
   10      -0.0209665017
   11       0.6948924075
   12      -0.0484365809
   13       0.0000000000
   14      -0.0000000000
   15      -0.0209665017
 Sym= A
 Ene=    -14.91352375
  Spin= Alpha
 Occup= 1.0
    1      -0.9919535833
    2       0.0051829993
    3      -0.0000000000
    4      -0.0000000000
    5      -0.0000000000
    6       0.1528751829
    7      -0.0005329361
    8       0.0000000000
    9       0.0000000000
   10      -0.0115102753
   11       0.1528751829
   12      -0.0005329361
   13       0.0000000000
   14      -0.0000000000
   15       0.0115102753
 Sym= A
 Ene=     -2.04442199
  Spin= Alpha
 Occup= 1.0
    1       0.4535634665
    2       0.0783424950
    3      -0.0000000000
    4       0.0000000000
    5       0.0000000000
    6       0.1752525550
    7      -0.6238633716
    8      -0.0000000000
    9       0.0000000000
   10      -0.1635763707
   11       0.1752525550
   12      -0.6238633716
   13      -0.0000000000
   14       0.0000000000
   15       0.1635763707
 Sym= A
 Ene=     -1.82245428
  Spin= Alpha
 Occup= 1.0
    1       0.0000000000
    2      -0.0000000000
    3       0.2891920733
    4      -0.0653158719
    5       0.0000000000
    6       0.0000000000
    7      -0.0000000000
    8       0.4270738813
    9      -0.0964573566
   10      -0.0000000000
   11       0.0000000000
   12      -0.0000000000
   13       0.4270738813
   14      -0.0964573566
   15      -0.0000000000
 Sym= A
 Ene=     -1.82245428
  Spin= Alpha
 Occup= 1.0
    1      -0.0000000000
    2      -0.0000000000
    3       0.0653158719
    4       0.2891920733
    5       0.0000000000
    6       0.0000000000
    7      -0.0000000000
    8       0.0964573566
    9       0.4270738813
   10       0.0000000000
   11      -0.0000000000
   12       0.0000000000
   13       0.0964573566
   14       0.4270738813
   15      -0.0000000000
 Sym= A
 Ene=     -1.46821040
  Spin= Alpha
 Occup= 1.0
    1      -0.0000000000
    2       0.0000000000
    3       0.0000000000
    4       0.0000000000
    5      -0.8009915385
    6      -0.2683941780
    7       0.6425029398
    8      -0.0000000000
    9       0.0000000000
   10       0.4594627180
   11       0.2683941780
   12      -0.6425029398
   13       0.0000000000
   14       0.0000000000
   15       0.4594627180
 Sym= A
 Ene=     -0.77649542
  Spin= Alpha
 Occup= 1.0
    1      -0.0000000000
    2      -0.0000000000
    3       0.0000000000
    4       0.0000000000
    5       0.0000000000
    6      -0.0000000000
    7       0.0000000000
    8       0.5249449623
    9       0.7046033407
   10       0.0000000000
   11       0.0000000000
   12      -0.0000000000
   13      -0.5249449623
   14      -0.7046033407
   15      -0.0000000000
 Sym= A
 Ene=     -0.77649542
  Spin= Alpha
 Occup= 1.0
    1      -0.0000000000
    2      -0.0000000000
    3      -0.0000000000
    4       0.0000000000
    5      -0.0000000000
    6      -0.0000000000
    7      -0.0000000000
    8      -0.7046033407
    9       0.5249449623
   10       0.0000000000
   11       0.0000000000
   12       0.0000000000
   13       0.7046033407
   14      -0.5249449623
   15       0.0000000000
 Sym= A
 Ene=     -0.65338006
  Spin= Alpha
 Occup= 1.0
    1       0.0000000000
    2      -0.0000000000
    3       0.0000000000
    4       0.0000000000
    5       0.9981526874
    6       0.0737985820
    7       0.3212787346
    8      -0.0000000000
    9       0.0000000000
   10      -1.0843208747
   11      -0.0737985820
   12      -0.3212787346
   13       0.0000000000
   14      -0.0000000000
   15      -1.0843208747
 Sym= A
 Ene=     -0.38885391
  Spin= Alpha
 Occup= 1.0
    1      -0.4192243071
    2       0.4030155025
    3       0.0000000000
    4       0.0000000000
    5       0.0000000000
    6       0.0341975626
    7      -0.4848681798
    8      -0.0000000000
    9      -0.0000000000
   10       0.7009267793
   11       0.0341975626
   12      -0.4848681798
   13      -0.0000000000
   14      -0.0000000000
   15      -0.7009267793
 Sym= A
 Ene=      1.15781138
  Spin= Alpha
 Occup= 0.0
    1      -0.5814010020
    2      -4.3443368159
    3      -0.0000000000
    4      -0.0000000000
    5       0.0000000000
    6      -0.0674493828
    7       2.3958246105
    8       0.0000000000
    9       0.0000000000
   10       0.3474010515
   11      -0.0674493828
   12       2.3958246105
   13       0.0000000000
   14       0.0000000000
   15      -0.3474010515
 Sym= A
 Ene=      1.64739324
  Spin= Alpha
 Occup= 0.0
    1       0.0000000000
    2       0.0000000000
    3      -0.0101620314
    4      -2.5641237490
    5      -0.0000000000
    6       0.0000000000
    7      -0.0000000000
    8       0.0059732603
    9       1.5071965453
   10       0.0000000000
   11      -0.0000000000
   12       0.0000000000
   13       0.0059732603
   14       1.5071965453
   15       0.0000000000
 Sym= A
 Ene=      1.64739324
  Spin= Alpha
 Occup= 0.0
    1      -0.0000000000
    2      -0.0000000000
    3       2.5641237490
    4      -0.0101620314
    5      -0.0000000000
    6      -0.0000000000
    7      -0.0000000000
    8      -1.5071965453
    9       0.0059732603
   10       0.0000000000
   11       0.0000000000
   12       0.0000000000
   13      -1.5071965453
   14       0.0059732603
   15       0.0000000000
 Sym= A
 Ene=      6.46225492
  Spin= Alpha
 Occup= 0.0
    1      -0.0000000000
    2      -0.0000000000
    3      -0.0000000000
    4      -0.0000000000
    5      -8.2670851414
    6      -0.5595868454
    7     -10.1758582285
    8       0.0000000000
    9       0.0000000000
   10      -2.0358610555
   11       0.5595868454
   12      10.1758582285
   13       0.0000000000
   14       0.0000000000
   15      -2.0358610555
