  0.999999886120983       0.248362556452777       0.000000000000000E+000
  0.000000000000000E+000  0.000000000000000E+000  1.139458209315901E-003
  0.124932562948056       0.000000000000000E+000  0.000000000000000E+000
  0.205246466486726       1.139458209315901E-003  0.124932562948056     
  0.000000000000000E+000  0.000000000000000E+000 -0.205246466486726     
  0.248362556452777        1.00000020295932       0.000000000000000E+000
  0.000000000000000E+000  0.000000000000000E+000  9.016935500622340E-002
  0.620592297192446       0.000000000000000E+000  0.000000000000000E+000
  0.402863481524405       9.016935500622340E-002  0.620592297192446     
  0.000000000000000E+000  0.000000000000000E+000 -0.402863481524405     
  0.000000000000000E+000  0.000000000000000E+000  0.999999984799330     
  0.000000000000000E+000  0.000000000000000E+000  0.000000000000000E+000
  0.000000000000000E+000  0.454286557732355       0.000000000000000E+000
  0.000000000000000E+000  0.000000000000000E+000  0.000000000000000E+000
  0.454286557732355       0.000000000000000E+000  0.000000000000000E+000
  0.000000000000000E+000  0.000000000000000E+000  0.000000000000000E+000
  0.999999984799330       0.000000000000000E+000  0.000000000000000E+000
  0.000000000000000E+000  0.000000000000000E+000  0.454286557732355     
  0.000000000000000E+000  0.000000000000000E+000  0.000000000000000E+000
  0.000000000000000E+000  0.454286557732355       0.000000000000000E+000
  0.000000000000000E+000  0.000000000000000E+000  0.000000000000000E+000
  0.000000000000000E+000  0.999999984799330      -0.153194177213382     
 -0.586344440529693       0.000000000000000E+000  0.000000000000000E+000
 -0.141838608098147       0.153194177213382       0.586344440529693     
  0.000000000000000E+000  0.000000000000000E+000 -0.141838608098147     
  1.139458209315901E-003  9.016935500622339E-002  0.000000000000000E+000
  0.000000000000000E+000 -0.153194177213382       0.999999883297870     
  0.236703929007061       0.000000000000000E+000  0.000000000000000E+000
  1.483647594913726E-017  3.196324100640582E-014  5.279222028039651E-003
  0.000000000000000E+000  0.000000000000000E+000 -1.064836257729836E-002
  0.124932562948056       0.620592297192446       0.000000000000000E+000
  0.000000000000000E+000 -0.586344440529693       0.236703929007061     
   1.00000005841017       0.000000000000000E+000  0.000000000000000E+000
 -3.933454134927698E-017  5.279222028039651E-003  0.117264537693110     
  0.000000000000000E+000  0.000000000000000E+000 -0.158287013173709     
  0.000000000000000E+000  0.000000000000000E+000  0.454286557732355     
  0.000000000000000E+000  0.000000000000000E+000  0.000000000000000E+000
  0.000000000000000E+000   1.00000003132368       0.000000000000000E+000
  0.000000000000000E+000  0.000000000000000E+000  0.000000000000000E+000
  5.341509428989469E-002  0.000000000000000E+000  0.000000000000000E+000
  0.000000000000000E+000  0.000000000000000E+000  0.000000000000000E+000
  0.454286557732355       0.000000000000000E+000  0.000000000000000E+000
  0.000000000000000E+000  0.000000000000000E+000   1.00000003132368     
  0.000000000000000E+000  0.000000000000000E+000  0.000000000000000E+000
  0.000000000000000E+000  5.341509428989469E-002  0.000000000000000E+000
  0.205246466486726       0.402863481524405       0.000000000000000E+000
  0.000000000000000E+000 -0.141838608098147       1.483647594913726E-017
 -3.933454134927698E-017  0.000000000000000E+000  0.000000000000000E+000
   1.00000003132368       1.064836257729836E-002  0.158287013173710     
  0.000000000000000E+000  0.000000000000000E+000 -0.189996533762421     
  1.139458209315901E-003  9.016935500622339E-002  0.000000000000000E+000
  0.000000000000000E+000  0.153194177213382       3.196324100640582E-014
  5.279222028039651E-003  0.000000000000000E+000  0.000000000000000E+000
  1.064836257729836E-002  0.999999883297870       0.236703929007061     
  0.000000000000000E+000  0.000000000000000E+000 -1.483647594913726E-017
  0.124932562948056       0.620592297192446       0.000000000000000E+000
  0.000000000000000E+000  0.586344440529693       5.279222028039651E-003
  0.117264537693110       0.000000000000000E+000  0.000000000000000E+000
  0.158287013173709       0.236703929007061        1.00000005841017     
  0.000000000000000E+000  0.000000000000000E+000  3.933454134927698E-017
  0.000000000000000E+000  0.000000000000000E+000  0.454286557732355     
  0.000000000000000E+000  0.000000000000000E+000  0.000000000000000E+000
  0.000000000000000E+000  5.341509428989469E-002  0.000000000000000E+000
  0.000000000000000E+000  0.000000000000000E+000  0.000000000000000E+000
   1.00000003132368       0.000000000000000E+000  0.000000000000000E+000
  0.000000000000000E+000  0.000000000000000E+000  0.000000000000000E+000
  0.454286557732355       0.000000000000000E+000  0.000000000000000E+000
  0.000000000000000E+000  0.000000000000000E+000  5.341509428989469E-002
  0.000000000000000E+000  0.000000000000000E+000  0.000000000000000E+000
  0.000000000000000E+000   1.00000003132368       0.000000000000000E+000
 -0.205246466486726      -0.402863481524405       0.000000000000000E+000
  0.000000000000000E+000 -0.141838608098147      -1.064836257729836E-002
 -0.158287013173710       0.000000000000000E+000  0.000000000000000E+000
 -0.189996533762421      -1.483647594913726E-017  3.933454134927698E-017
  0.000000000000000E+000  0.000000000000000E+000   1.00000003132368     
