           1           1           1          -1           1           0          -1           3           0           0           0           0           0           0           0           0           0           0           0           0           0           0           0           0
           6           3           5          -1           1           0          -1           3           2           0          -1           3           2           1           0           3           2           1           1           3           2           1           2           3

 atom, #sections, #orbitals, dummy, {principle quantum number, angular quantum number, orientation, #primatives}


 atom #:           0
  0.15432899999999999        3.4252509000000000       0.53532809999999997       0.62391370000000002       0.44463449999999999       0.16885539999999999     
 atom #:           1
  0.15432899999999999        71.616837300000000       0.53532809999999997        13.045096300000001       0.44463449999999999        3.5305122000000000     
  -9.9967000000000000E-002   2.9412493999999998       0.39951280000000000       0.68348310000000001       0.70011550000000000       0.22228990000000001     
  0.15591630000000001        2.9412493999999998       0.60768370000000005       0.68348310000000001       0.39195740000000001       0.22228990000000001     
   0.0000000000000000        0.0000000000000000        0.0000000000000000        0.0000000000000000        0.0000000000000000        0.0000000000000000     
   0.0000000000000000        0.0000000000000000        0.0000000000000000        0.0000000000000000        0.0000000000000000        0.0000000000000000     

