 Starting myQC
 parse called
 ==================================
 Input parameters
 System Type : CARTESIAN
 C    0.0000000000000000        0.0000000000000000        0.0000000000000000     
 Method : SCF
 Basis : STO-3G
 Ref : RHF
 Parallel : none
 Nodes : not implimented yet
 Memory per CPU (MB) :         1000
 Verbosity : 3 (wtf)
 ==================================
 parse ran in (s) :    8.4599999999999996E-004

 int1e called
 getbasis called...
 basis:STO-3G  
  Nuclei #   1
  Atom :  C 
    n: 1  l: 0
         0.15432900     71.61683730
         0.53532810     13.04509630
         0.44463450      3.53051220
    n: 2  l: 0
        -0.09996700      2.94124940
         0.39951280      0.68348310
         0.70011550      0.22228990
    n: 2  l: 1
         0.15591630      2.94124940
         0.60768370      0.68348310
         0.39195740      0.22228990
 ==================================

 Number of orbitals               5
 Number of primatives            15

 Allocating space for overlap matrix (MB)    0.00020
 Allocating space for Fock matrix (MB)       0.00020
 Allocating space for MO coefficients (MB)   0.00020

 constructing Overlap and 1e-Fock matrix
 Overlap and Fock constructed in (s) :   0.00258
 Overlap written to Suv
 One electron energy written to Fuv

 Calculating initial Cuv guess
 temporarily taking all MO coefficients as one
 MO coefficients written to Cuv

 int1e ran in (s) : 0.00363

 int2e called
 Constructing two electron integrals
 Allocating space for intermediate matrices (MB)   0.09140
 Two electron Integrals by Orbital
    I   J   G   H    Value
      0   0   0   0         3.54194744
      0   0   0   1         0.57692172
      0   0   0   2         0.57692172
      0   0   0   3         0.57692172
      0   0   0   4         0.57692172
      0   0   1   0         0.57692172
      0   0   1   1         4.52777447
      0   0   1   2         4.52777447
      0   0   1   3         4.52777447
      0   0   1   4         4.52777447
      0   0   2   0         0.57692172
      0   0   2   1         4.52777447
      0   0   2   2         4.52777447
      0   0   2   3         4.52777447
      0   0   2   4         4.52777447
      0   0   3   0         0.57692172
      0   0   3   1         4.52777447
      0   0   3   2         4.52777447
      0   0   3   3         4.52777447
      0   0   3   4         4.52777447
      0   0   4   0         0.57692172
      0   0   4   1         4.52777447
      0   0   4   2         4.52777447
      0   0   4   3         4.52777447
      0   0   4   4         4.52777447
      0   1   0   0         0.57692172
      0   1   0   1         0.11188829
      0   1   0   2         0.11188829
      0   1   0   3         0.11188829
      0   1   0   4         0.11188829
      0   1   1   0         0.11188829
      0   1   1   1         1.03428102
      0   1   1   2         1.03428102
      0   1   1   3         1.03428102
      0   1   1   4         1.03428102
      0   1   2   0         0.11188829
      0   1   2   1         1.03428102
      0   1   2   2         1.03428102
      0   1   2   3         1.03428102
      0   1   2   4         1.03428102
      0   1   3   0         0.11188829
      0   1   3   1         1.03428102
      0   1   3   2         1.03428102
      0   1   3   3         1.03428102
      0   1   3   4         1.03428102
      0   1   4   0         0.11188829
      0   1   4   1         1.03428102
      0   1   4   2         1.03428102
      0   1   4   3         1.03428102
      0   1   4   4         1.03428102
      0   2   0   0         0.00000000
      0   2   0   1         0.00000000
      0   2   0   2         0.00000000
      0   2   0   3         0.00000000
      0   2   0   4         0.00000000
      0   2   1   0         0.00000000
      0   2   1   1         0.00000000
      0   2   1   2         0.00000000
      0   2   1   3         0.00000000
      0   2   1   4         0.00000000
      0   2   2   0         0.00000000
      0   2   2   1         0.00000000
      0   2   2   2         0.00000000
      0   2   2   3         0.00000000
      0   2   2   4         0.00000000
      0   2   3   0         0.00000000
      0   2   3   1         0.00000000
      0   2   3   2         0.00000000
      0   2   3   3         0.00000000
      0   2   3   4         0.00000000
      0   2   4   0         0.00000000
      0   2   4   1         0.00000000
      0   2   4   2         0.00000000
      0   2   4   3         0.00000000
      0   2   4   4         0.00000000
      0   3   0   0         0.00000000
      0   3   0   1         0.00000000
      0   3   0   2         0.00000000
      0   3   0   3         0.00000000
      0   3   0   4         0.00000000
      0   3   1   0         0.00000000
      0   3   1   1         0.00000000
      0   3   1   2         0.00000000
      0   3   1   3         0.00000000
      0   3   1   4         0.00000000
      0   3   2   0         0.00000000
      0   3   2   1         0.00000000
      0   3   2   2         0.00000000
      0   3   2   3         0.00000000
      0   3   2   4         0.00000000
      0   3   3   0         0.00000000
      0   3   3   1         0.00000000
      0   3   3   2         0.00000000
      0   3   3   3         0.00000000
      0   3   3   4         0.00000000
      0   3   4   0         0.00000000
      0   3   4   1         0.00000000
      0   3   4   2         0.00000000
      0   3   4   3         0.00000000
      0   3   4   4         0.00000000
      0   4   0   0         0.00000000
      0   4   0   1         0.00000000
      0   4   0   2         0.00000000
      0   4   0   3         0.00000000
      0   4   0   4         0.00000000
      0   4   1   0         0.00000000
      0   4   1   1         0.00000000
      0   4   1   2         0.00000000
      0   4   1   3         0.00000000
      0   4   1   4         0.00000000
      0   4   2   0         0.00000000
      0   4   2   1         0.00000000
      0   4   2   2         0.00000000
      0   4   2   3         0.00000000
      0   4   2   4         0.00000000
      0   4   3   0         0.00000000
      0   4   3   1         0.00000000
      0   4   3   2         0.00000000
      0   4   3   3         0.00000000
      0   4   3   4         0.00000000
      0   4   4   0         0.00000000
      0   4   4   1         0.00000000
      0   4   4   2         0.00000000
      0   4   4   3         0.00000000
      0   4   4   4         0.00000000
      1   0   0   0         0.57692172
      1   0   0   1         0.11188829
      1   0   0   2         0.11188829
      1   0   0   3         0.11188829
      1   0   0   4         0.11188829
      1   0   1   0         0.11188829
      1   0   1   1         1.03428102
      1   0   1   2         1.03428102
      1   0   1   3         1.03428102
      1   0   1   4         1.03428102
      1   0   2   0         0.11188829
      1   0   2   1         1.03428102
      1   0   2   2         1.03428102
      1   0   2   3         1.03428102
      1   0   2   4         1.03428102
      1   0   3   0         0.11188829
      1   0   3   1         1.03428102
      1   0   3   2         1.03428102
      1   0   3   3         1.03428102
      1   0   3   4         1.03428102
      1   0   4   0         0.11188829
      1   0   4   1         1.03428102
      1   0   4   2         1.03428102
      1   0   4   3         1.03428102
      1   0   4   4         1.03428102
      1   1   0   0         0.85468200
      1   1   0   1         0.20528407
      1   1   0   2         0.20528407
      1   1   0   3         0.20528407
      1   1   0   4         0.20528407
      1   1   1   0         0.20528407
      1   1   1   1         2.73944969
      1   1   1   2         2.73944969
      1   1   1   3         2.73944969
      1   1   1   4         2.73944969
      1   1   2   0         0.20528407
      1   1   2   1         2.73944969
      1   1   2   2         2.73944969
      1   1   2   3         2.73944969
      1   1   2   4         2.73944969
      1   1   3   0         0.20528407
      1   1   3   1         2.73944969
      1   1   3   2         2.73944969
      1   1   3   3         2.73944969
      1   1   3   4         2.73944969
      1   1   4   0         0.20528407
      1   1   4   1         2.73944969
      1   1   4   2         2.73944969
      1   1   4   3         2.73944969
      1   1   4   4         2.73944969
      1   2   0   0         0.00000000
      1   2   0   1         0.00000000
      1   2   0   2         0.00000000
      1   2   0   3         0.00000000
      1   2   0   4         0.00000000
      1   2   1   0         0.00000000
      1   2   1   1         1.23132448
      1   2   1   2         1.23132448
      1   2   1   3         1.23132448
      1   2   1   4         1.23132448
      1   2   2   0         0.00000000
      1   2   2   1         1.23132448
      1   2   2   2         1.23132448
      1   2   2   3         1.23132448
      1   2   2   4         1.23132448
      1   2   3   0         0.00000000
      1   2   3   1         1.23132448
      1   2   3   2         1.23132448
      1   2   3   3         1.23132448
      1   2   3   4         1.23132448
      1   2   4   0         0.00000000
      1   2   4   1         1.23132448
      1   2   4   2         1.23132448
      1   2   4   3         1.23132448
      1   2   4   4         1.23132448
      1   3   0   0         0.00000000
      1   3   0   1         0.00000000
      1   3   0   2         0.00000000
      1   3   0   3         0.00000000
      1   3   0   4         0.00000000
      1   3   1   0         0.00000000
      1   3   1   1         1.23132448
      1   3   1   2         1.23132448
      1   3   1   3         1.23132448
      1   3   1   4         1.23132448
      1   3   2   0         0.00000000
      1   3   2   1         1.23132448
      1   3   2   2         1.23132448
      1   3   2   3         1.23132448
      1   3   2   4         1.23132448
      1   3   3   0         0.00000000
      1   3   3   1         1.23132448
      1   3   3   2         1.23132448
      1   3   3   3         1.23132448
      1   3   3   4         1.23132448
      1   3   4   0         0.00000000
      1   3   4   1         1.23132448
      1   3   4   2         1.23132448
      1   3   4   3         1.23132448
      1   3   4   4         1.23132448
      1   4   0   0         0.00000000
      1   4   0   1         0.00000000
      1   4   0   2         0.00000000
      1   4   0   3         0.00000000
      1   4   0   4         0.00000000
      1   4   1   0         0.00000000
      1   4   1   1         1.23132448
      1   4   1   2         1.23132448
      1   4   1   3         1.23132448
      1   4   1   4         1.23132448
      1   4   2   0         0.00000000
      1   4   2   1         1.23132448
      1   4   2   2         1.23132448
      1   4   2   3         1.23132448
      1   4   2   4         1.23132448
      1   4   3   0         0.00000000
      1   4   3   1         1.23132448
      1   4   3   2         1.23132448
      1   4   3   3         1.23132448
      1   4   3   4         1.23132448
      1   4   4   0         0.00000000
      1   4   4   1         1.23132448
      1   4   4   2         1.23132448
      1   4   4   3         1.23132448
      1   4   4   4         1.23132448
      2   0   0   0         0.00000000
      2   0   0   1         0.00000000
      2   0   0   2         0.00000000
      2   0   0   3         0.00000000
      2   0   0   4         0.00000000
      2   0   1   0         0.00000000
      2   0   1   1         0.00000000
      2   0   1   2         0.00000000
      2   0   1   3         0.00000000
      2   0   1   4         0.00000000
      2   0   2   0         0.00000000
      2   0   2   1         0.00000000
      2   0   2   2         0.00000000
      2   0   2   3         0.00000000
      2   0   2   4         0.00000000
      2   0   3   0         0.00000000
      2   0   3   1         0.00000000
      2   0   3   2         0.00000000
      2   0   3   3         0.00000000
      2   0   3   4         0.00000000
      2   0   4   0         0.00000000
      2   0   4   1         0.00000000
      2   0   4   2         0.00000000
      2   0   4   3         0.00000000
      2   0   4   4         0.00000000
      2   1   0   0         0.00000000
      2   1   0   1         0.00000000
      2   1   0   2         0.00000000
      2   1   0   3         0.00000000
      2   1   0   4         0.00000000
      2   1   1   0         0.00000000
      2   1   1   1         1.23132448
      2   1   1   2         1.23132448
      2   1   1   3         1.23132448
      2   1   1   4         1.23132448
      2   1   2   0         0.00000000
      2   1   2   1         1.23132448
      2   1   2   2         1.23132448
      2   1   2   3         1.23132448
      2   1   2   4         1.23132448
      2   1   3   0         0.00000000
      2   1   3   1         1.23132448
      2   1   3   2         1.23132448
      2   1   3   3         1.23132448
      2   1   3   4         1.23132448
      2   1   4   0         0.00000000
      2   1   4   1         1.23132448
      2   1   4   2         1.23132448
      2   1   4   3         1.23132448
      2   1   4   4         1.23132448
      2   2   0   0         1.22436416
      2   2   0   1         0.27633231
      2   2   0   2         0.27633231
      2   2   0   3         0.27633231
      2   2   0   4         0.27633231
      2   2   1   0         0.27633231
      2   2   1   1         3.24303403
      2   2   1   2         3.24303403
      2   2   1   3         3.24303403
      2   2   1   4         3.24303403
      2   2   2   0         0.27633231
      2   2   2   1         3.24303403
      2   2   2   2         3.24303403
      2   2   2   3         3.24303403
      2   2   2   4         3.24303403
      2   2   3   0         0.27633231
      2   2   3   1         3.24303403
      2   2   3   2         3.24303403
      2   2   3   3         3.24303403
      2   2   3   4         3.24303403
      2   2   4   0         0.27633231
      2   2   4   1         3.24303403
      2   2   4   2         3.24303403
      2   2   4   3         3.24303403
      2   2   4   4         3.24303403
      2   3   0   0         0.00000000
      2   3   0   1         0.00000000
      2   3   0   2         0.00000000
      2   3   0   3         0.00000000
      2   3   0   4         0.00000000
      2   3   1   0         0.00000000
      2   3   1   1         1.67435624
      2   3   1   2         1.67435624
      2   3   1   3         1.67435624
      2   3   1   4         1.67435624
      2   3   2   0         0.00000000
      2   3   2   1         1.67435624
      2   3   2   2         1.67435624
      2   3   2   3         1.67435624
      2   3   2   4         1.67435624
      2   3   3   0         0.00000000
      2   3   3   1         1.67435624
      2   3   3   2         1.67435624
      2   3   3   3         1.67435624
      2   3   3   4         1.67435624
      2   3   4   0         0.00000000
      2   3   4   1         1.67435624
      2   3   4   2         1.67435624
      2   3   4   3         1.67435624
      2   3   4   4         1.67435624
      2   4   0   0         0.00000000
      2   4   0   1         0.00000000
      2   4   0   2         0.00000000
      2   4   0   3         0.00000000
      2   4   0   4         0.00000000
      2   4   1   0         0.00000000
      2   4   1   1         1.67435624
      2   4   1   2         1.67435624
      2   4   1   3         1.67435624
      2   4   1   4         1.67435624
      2   4   2   0         0.00000000
      2   4   2   1         1.67435624
      2   4   2   2         1.67435624
      2   4   2   3         1.67435624
      2   4   2   4         1.67435624
      2   4   3   0         0.00000000
      2   4   3   1         1.67435624
      2   4   3   2         1.67435624
      2   4   3   3         1.67435624
      2   4   3   4         1.67435624
      2   4   4   0         0.00000000
      2   4   4   1         1.67435624
      2   4   4   2         1.67435624
      2   4   4   3         1.67435624
      2   4   4   4         1.67435624
      3   0   0   0         0.00000000
      3   0   0   1         0.00000000
      3   0   0   2         0.00000000
      3   0   0   3         0.00000000
      3   0   0   4         0.00000000
      3   0   1   0         0.00000000
      3   0   1   1         0.00000000
      3   0   1   2         0.00000000
      3   0   1   3         0.00000000
      3   0   1   4         0.00000000
      3   0   2   0         0.00000000
      3   0   2   1         0.00000000
      3   0   2   2         0.00000000
      3   0   2   3         0.00000000
      3   0   2   4         0.00000000
      3   0   3   0         0.00000000
      3   0   3   1         0.00000000
      3   0   3   2         0.00000000
      3   0   3   3         0.00000000
      3   0   3   4         0.00000000
      3   0   4   0         0.00000000
      3   0   4   1         0.00000000
      3   0   4   2         0.00000000
      3   0   4   3         0.00000000
      3   0   4   4         0.00000000
      3   1   0   0         0.00000000
      3   1   0   1         0.00000000
      3   1   0   2         0.00000000
      3   1   0   3         0.00000000
      3   1   0   4         0.00000000
      3   1   1   0         0.00000000
      3   1   1   1         1.23132448
      3   1   1   2         1.23132448
      3   1   1   3         1.23132448
      3   1   1   4         1.23132448
      3   1   2   0         0.00000000
      3   1   2   1         1.23132448
      3   1   2   2         1.23132448
      3   1   2   3         1.23132448
      3   1   2   4         1.23132448
      3   1   3   0         0.00000000
      3   1   3   1         1.23132448
      3   1   3   2         1.23132448
      3   1   3   3         1.23132448
      3   1   3   4         1.23132448
      3   1   4   0         0.00000000
      3   1   4   1         1.23132448
      3   1   4   2         1.23132448
      3   1   4   3         1.23132448
      3   1   4   4         1.23132448
      3   2   0   0         0.00000000
      3   2   0   1         0.00000000
      3   2   0   2         0.00000000
      3   2   0   3         0.00000000
      3   2   0   4         0.00000000
      3   2   1   0         0.00000000
      3   2   1   1         1.67435624
      3   2   1   2         1.67435624
      3   2   1   3         1.67435624
      3   2   1   4         1.67435624
      3   2   2   0         0.00000000
      3   2   2   1         1.67435624
      3   2   2   2         1.67435624
      3   2   2   3         1.67435624
      3   2   2   4         1.67435624
      3   2   3   0         0.00000000
      3   2   3   1         1.67435624
      3   2   3   2         1.67435624
      3   2   3   3         1.67435624
      3   2   3   4         1.67435624
      3   2   4   0         0.00000000
      3   2   4   1         1.67435624
      3   2   4   2         1.67435624
      3   2   4   3         1.67435624
      3   2   4   4         1.67435624
      3   3   0   0         1.22436416
      3   3   0   1         0.27633231
      3   3   0   2         0.27633231
      3   3   0   3         0.27633231
      3   3   0   4         0.27633231
      3   3   1   0         0.27633231
      3   3   1   1         3.24303403
      3   3   1   2         3.24303403
      3   3   1   3         3.24303403
      3   3   1   4         3.24303403
      3   3   2   0         0.27633231
      3   3   2   1         3.24303403
      3   3   2   2         3.24303403
      3   3   2   3         3.24303403
      3   3   2   4         3.24303403
      3   3   3   0         0.27633231
      3   3   3   1         3.24303403
      3   3   3   2         3.24303403
      3   3   3   3         3.24303403
      3   3   3   4         3.24303403
      3   3   4   0         0.27633231
      3   3   4   1         3.24303403
      3   3   4   2         3.24303403
      3   3   4   3         3.24303403
      3   3   4   4         3.24303403
      3   4   0   0         0.00000000
      3   4   0   1         0.00000000
      3   4   0   2         0.00000000
      3   4   0   3         0.00000000
      3   4   0   4         0.00000000
      3   4   1   0         0.00000000
      3   4   1   1         1.67435624
      3   4   1   2         1.67435624
      3   4   1   3         1.67435624
      3   4   1   4         1.67435624
      3   4   2   0         0.00000000
      3   4   2   1         1.67435624
      3   4   2   2         1.67435624
      3   4   2   3         1.67435624
      3   4   2   4         1.67435624
      3   4   3   0         0.00000000
      3   4   3   1         1.67435624
      3   4   3   2         1.67435624
      3   4   3   3         1.67435624
      3   4   3   4         1.67435624
      3   4   4   0         0.00000000
      3   4   4   1         1.67435624
      3   4   4   2         1.67435624
      3   4   4   3         1.67435624
      3   4   4   4         1.67435624
      4   0   0   0         0.00000000
      4   0   0   1         0.00000000
      4   0   0   2         0.00000000
      4   0   0   3         0.00000000
      4   0   0   4         0.00000000
      4   0   1   0         0.00000000
      4   0   1   1         0.00000000
      4   0   1   2         0.00000000
      4   0   1   3         0.00000000
      4   0   1   4         0.00000000
      4   0   2   0         0.00000000
      4   0   2   1         0.00000000
      4   0   2   2         0.00000000
      4   0   2   3         0.00000000
      4   0   2   4         0.00000000
      4   0   3   0         0.00000000
      4   0   3   1         0.00000000
      4   0   3   2         0.00000000
      4   0   3   3         0.00000000
      4   0   3   4         0.00000000
      4   0   4   0         0.00000000
      4   0   4   1         0.00000000
      4   0   4   2         0.00000000
      4   0   4   3         0.00000000
      4   0   4   4         0.00000000
      4   1   0   0         0.00000000
      4   1   0   1         0.00000000
      4   1   0   2         0.00000000
      4   1   0   3         0.00000000
      4   1   0   4         0.00000000
      4   1   1   0         0.00000000
      4   1   1   1         1.23132448
      4   1   1   2         1.23132448
      4   1   1   3         1.23132448
      4   1   1   4         1.23132448
      4   1   2   0         0.00000000
      4   1   2   1         1.23132448
      4   1   2   2         1.23132448
      4   1   2   3         1.23132448
      4   1   2   4         1.23132448
      4   1   3   0         0.00000000
      4   1   3   1         1.23132448
      4   1   3   2         1.23132448
      4   1   3   3         1.23132448
      4   1   3   4         1.23132448
      4   1   4   0         0.00000000
      4   1   4   1         1.23132448
      4   1   4   2         1.23132448
      4   1   4   3         1.23132448
      4   1   4   4         1.23132448
      4   2   0   0         0.00000000
      4   2   0   1         0.00000000
      4   2   0   2         0.00000000
      4   2   0   3         0.00000000
      4   2   0   4         0.00000000
      4   2   1   0         0.00000000
      4   2   1   1         1.67435624
      4   2   1   2         1.67435624
      4   2   1   3         1.67435624
      4   2   1   4         1.67435624
      4   2   2   0         0.00000000
      4   2   2   1         1.67435624
      4   2   2   2         1.67435624
      4   2   2   3         1.67435624
      4   2   2   4         1.67435624
      4   2   3   0         0.00000000
      4   2   3   1         1.67435624
      4   2   3   2         1.67435624
      4   2   3   3         1.67435624
      4   2   3   4         1.67435624
      4   2   4   0         0.00000000
      4   2   4   1         1.67435624
      4   2   4   2         1.67435624
      4   2   4   3         1.67435624
      4   2   4   4         1.67435624
      4   3   0   0         0.00000000
      4   3   0   1         0.00000000
      4   3   0   2         0.00000000
      4   3   0   3         0.00000000
      4   3   0   4         0.00000000
      4   3   1   0         0.00000000
      4   3   1   1         1.67435624
      4   3   1   2         1.67435624
      4   3   1   3         1.67435624
      4   3   1   4         1.67435624
      4   3   2   0         0.00000000
      4   3   2   1         1.67435624
      4   3   2   2         1.67435624
      4   3   2   3         1.67435624
      4   3   2   4         1.67435624
      4   3   3   0         0.00000000
      4   3   3   1         1.67435624
      4   3   3   2         1.67435624
      4   3   3   3         1.67435624
      4   3   3   4         1.67435624
      4   3   4   0         0.00000000
      4   3   4   1         1.67435624
      4   3   4   2         1.67435624
      4   3   4   3         1.67435624
      4   3   4   4         1.67435624
      4   4   0   0         1.22436416
      4   4   0   1         0.27633231
      4   4   0   2         0.27633231
      4   4   0   3         0.27633231
      4   4   0   4         0.27633231
      4   4   1   0         0.27633231
      4   4   1   1         3.24303403
      4   4   1   2         3.24303403
      4   4   1   3         3.24303403
      4   4   1   4         3.24303403
      4   4   2   0         0.27633231
      4   4   2   1         3.24303403
      4   4   2   2         3.24303403
      4   4   2   3         3.24303403
      4   4   2   4         3.24303403
      4   4   3   0         0.27633231
      4   4   3   1         3.24303403
      4   4   3   2         3.24303403
      4   4   3   3         3.24303403
      4   4   3   4         3.24303403
      4   4   4   0         0.27633231
      4   4   4   1         3.24303403
      4   4   4   2         3.24303403
      4   4   4   3         3.24303403
      4   4   4   4         3.24303403

 Two electron integrals constructed in (s)    0.0748
 myQC ran in (s)    0.0012
