
STO-3G
3  6  5  6  4

 H 
 1 1 3	
 3 2 1 0 -1
   0.1543290 3.4252509 0.0
   0.5353281 0.6239137 1.0
   0.4446345 0.1688554 2.0

 He
 1 1 3
 3 2 1 0 -1
   0.1543290 6.3624214 0.0
   0.5353281 1.1589230 1.0
   0.4446345 0.3136498 2.0

 Li
 3 5 6
 3 2 1 0 -1
   0.1543290 16.1195748 0.0
   0.5353281 2.9362007  1.0
   0.4446345 0.7946505  2.0
 3 2 2 0 -1
   -0.0999672 0.6362897 3.0
   0.3995128 0.1478601  4.0
   0.7001155 0.0480887  5.0
 3 2 2 1 2
   0.1559163 0.6362897  3.0
   0.6076837 0.1478601  4.0
   0.3919574 0.0480887  5.0

 Be
 3 5 6
 3 2 1 0 -1
   0.1543290 30.1678707 0.0
   0.5353281 5.4951153  1.0
   0.4446345 1.4871927  2.0
 3 2 2 0 -1
   -0.0999672 1.3148331 3.0
    0.3995128 0.3055389 4.0
    0.7001155 0.0993707 5.0
 3 2 2 1 2
    0.1559163 1.3148331 3.0
    0.6076837 0.3055389 4.0
    0.3919574 0.0993707 5.0

 B
 3 5 6
 3 2 1 0 -1
   0.1543290 48.7911132 0.0
   0.5353281 8.8873622  1.0
   0.4446345 2.4052670  2.0
 3 2 2 0 -1
  -0.0999672 2.2369561 3.0
   0.3995128 0.5198205 4.0
   0.7001155 0.1690618 5.0
 3 2 2 1 2
   0.1559163 2.2369561 3.0
   0.6076837 0.5198205 4.0
   0.3919574 0.1690618 5.0

 C 
 3 5 6		
 3 2 1 0 -1		
   0.1543290 71.6168373 0.0
   0.5353281 13.0450963 1.0
   0.4446345 3.5305122  2.0
 3 2 2 0 -1	
   -0.099967 2.9412494  3.0 
   0.3995128 0.6834831  4.0
   0.7001155 0.2222899  5.0
 3 2 2 1 2
   0.1559163 2.9412494  3.0
   0.6076837 0.6834831  4.0
   0.3919574 0.2222899  5.0

 N
 3 5 6
 3 2 1 0 -1
   0.1543290 99.1061690 0.0
   0.5353281 18.0523124 1.0
   0.4446345 4.8856602  2.0
 3 2 2 0 -1
  -0.0999672 3.7804559 3.0
   0.3995128 0.8784966 4.0
   0.7001155 0.2857144 5.0
 3 2 2 1 2
   0.1559163 3.7804559 3.0
   0.6076837 0.8784966 4.0
   0.3919574 0.2857144 5.0

 O
 3 5 6
 3 2 1 0 -1
   0.1543290 130.7093214 0.0
   0.5353281 23.8088661  1.0
   0.4446345 6.4436083   2.0
 3 2 2 0 -1
   -0.0999672 5.0331513 3.0
    0.3995128 1.1695961 4.0
    0.7001155 0.3803890 5.0
 3 2 2 1 2
   0.1559163 5.0331513 3.0
   0.6076837 1.1695961 4.0
   0.3919574 0.3803890 5.0
 
 F
 3 5 6
 3 2 1 0 -1
   0.1543290 166.6791340 0.0
   0.5353281 30.3608123  1.0
   0.4446345 8.2168207   2.0
 3 2 2 0 -1
  -0.0999672 6.4648032 3.0
   0.3995128 1.5022812 4.0
   0.7001155 0.4885885 5.0
 3 2 2 1 2
   0.1559163 6.4648032 3.0
   0.6076837 1.5022812 4.0
   0.3919574 0.4885885 5.0

 Ne
 3 5 6
 3 2 1 0 -1
   0.1543290 207.0156070 0.0
   0.5353281 37.7081512  1.0
   0.4446345 10.2052973  2.0
 3 2 2 0 -1
  -0.0999672 8.2463151 3.0
   0.3995128 1.9162663 4.0
   0.7001155 0.6232293 5.0
 3 2 2 1 2
   0.1559163 8.2463151 3.0
   0.6076837 1.9162663 4.0
   0.3919574 0.6232293 5.0


tester1
2  4  4  2

H
2 4 2
1 2 1 0 -1
  0.15 3.0 0.0
1 2 2 1 2
  0.15 0.5 1.0


tester2
2  1  4  1

H
1 1 1
1 2 1 0 -1
  0.15 3.0 0.0

He
1 3 1
1 2 2 1 2
  0.44 2.11 0.0
