 -5.709283233265403E-005  1.256215053034076E-002 -5.400987985067126E-017
  1.605206367069256E-017  9.440806355426970E-003 -0.993871592632729     
 -3.212494693706867E-002 -1.371079847481865E-018  3.736647960899571E-018
  9.372206602652729E-003 -0.993369372998196      -2.643341926178791E-002
  2.001509947299887E-019 -1.360980444650977E-018 -7.787335071486120E-003
  1.279369770719560E-003  6.562149124504269E-003 -2.861281166447037E-019
  4.602912784517351E-019  2.012752406330347E-003  0.151810626449023     
 -0.201269076484127      -3.572687330108494E-017 -6.772443419312669E-017
 -0.169867446619171       0.224384081634615      -0.747746411105523     
 -9.624525725330111E-017  9.082468713914198E-018  0.280707047541347     
  0.144674888807355      -0.381748248844614       7.872486267159536E-016
 -4.495060393448991E-017 -8.085694549490817E-002 -0.130648501663660     
  0.648749041589993       1.223981086571833E-015  3.646826973342502E-017
  0.719417958569329       3.285684826979518E-017 -1.289670710909429E-016
 -1.180552421615145E-002 -0.442443873993773       2.717849961953842E-016
  1.159249245523720E-016 -1.398784790644240E-016 -2.044120255200149E-002
 -0.766089220657041      -9.616288083461484E-017 -4.015908579565539E-018
  5.787132464870937E-016 -0.442443873993771       1.180552421615081E-002
 -8.589909940325646E-016 -1.634299977230212E-016  9.658109842939532E-016
 -0.766089220657042       2.044120255200211E-002  1.750525232774774E-015
  0.175917008058045      -0.845454642761916      -3.139581542552231E-016
  2.295367828337192E-016  0.558469797978597      -1.996982356314314E-002
  4.795404809490455E-002 -1.264531028951135E-015  6.901344696168167E-017
 -0.358823571429707       1.620825519885379E-017 -1.115367764195365E-016
 -2.309989113051957E-002 -0.957764756865939       2.018515080464144E-016
  8.092859107030871E-017 -9.978269274515704E-017  1.749427968581089E-002
  0.725345605966409      -1.712304519718073E-016 -9.952032739716419E-017
  5.496934557879591E-016  0.957764756865940      -2.309989113051996E-002
  1.727487996117184E-016  1.727307861388627E-017 -2.654105674774544E-016
 -0.725345605966408       1.749427968581003E-002  2.165549891090651E-016
  0.104174356101010       -1.31369341458999       4.779725626245978E-016
 -2.825069371957919E-017  -1.44253547720368      -0.137890400599677     
   1.49812328713808      -1.474126812839335E-016 -2.989849071504473E-017
  -1.06408400510092     
