 [Molden Format]
 [ATOMS] AU
C       1      6         0.00000000         0.00000000        -1.07983781
O       2      8         0.00000000         0.00000000         0.80987836
 [Molden Format]
 [GTO]
           1           0
 s           3 1.00
   71.616837300000000       0.15432899999999999     
   13.045096300000001       0.53532809999999997     
   3.5305122000000000       0.44463449999999999     
 s           3 1.00
   2.9412493999999998       -9.9967000000000000E-002
  0.68348310000000001       0.39951280000000000     
  0.22228990000000001       0.70011550000000000     
 p           3 1.00
   2.9412493999999998       0.15591630000000001     
  0.68348310000000001       0.60768370000000005     
  0.22228990000000001       0.39195740000000001     

           2           0
 s           3 1.00
   130.70932139999999       0.15432899999999999     
   23.808866099999999       0.53532809999999997     
   6.4436083000000002       0.44463449999999999     
 s           3 1.00
   5.0331513000000001       -9.9967200000000006E-002
   1.1695960999999999       0.39951280000000000     
  0.38038899999999998       0.70011550000000000     
 p           3 1.00
   5.0331513000000001       0.15591630000000001     
   1.1695960999999999       0.60768370000000005     
  0.38038899999999998       0.39195740000000001     


 [MO]
 Sym= A
 Ene=    -20.49360118
  Spin= Alpha
 Occup= 1.0
    1      -0.0000570928
    2       0.0125621505
    3       0.0000000000
    4      -0.0000000000
    5       0.0094408064
    6      -0.9938715926
    7      -0.0321249469
    8       0.0000000000
    9      -0.0000000000
   10       0.0093722066
 Sym= A
 Ene=    -11.11511932
  Spin= Alpha
 Occup= 1.0
    1      -0.9933693730
    2      -0.0264334193
    3       0.0000000000
    4       0.0000000000
    5      -0.0077873351
    6       0.0012793698
    7       0.0065621491
    8      -0.0000000000
    9      -0.0000000000
   10       0.0020127524
 Sym= A
 Ene=     -1.57552937
  Spin= Alpha
 Occup= 1.0
    1       0.1518106264
    2      -0.2012690765
    3      -0.0000000000
    4      -0.0000000000
    5      -0.1698674466
    6       0.2243840816
    7      -0.7477464111
    8      -0.0000000000
    9      -0.0000000000
   10       0.2807070475
 Sym= A
 Ene=     -0.72113469
  Spin= Alpha
 Occup= 1.0
    1       0.1446748888
    2      -0.3817482488
    3      -0.0000000000
    4       0.0000000000
    5      -0.0808569455
    6      -0.1306485017
    7       0.6487490416
    8      -0.0000000000
    9       0.0000000000
   10       0.7194179586
 Sym= A
 Ene=     -0.64241881
  Spin= Alpha
 Occup= 1.0
    1       0.0000000000
    2      -0.0000000000
    3      -0.2119678391
    4      -0.3885429027
    5      -0.0000000000
    6      -0.0000000000
    7       0.0000000000
    8      -0.3670211889
    9      -0.6727599748
   10       0.0000000000
 Sym= A
 Ene=     -0.64241881
  Spin= Alpha
 Occup= 1.0
    1       0.0000000000
    2      -0.0000000000
    3       0.3885429027
    4      -0.2119678391
    5      -0.0000000000
    6      -0.0000000000
    7       0.0000000000
    8       0.6727599748
    9      -0.3670211889
   10       0.0000000000
 Sym= A
 Ene=     -0.45542682
  Spin= Alpha
 Occup= 1.0
    1       0.1759170081
    2      -0.8454546428
    3      -0.0000000000
    4      -0.0000000000
    5       0.5584697980
    6      -0.0199698236
    7       0.0479540481
    8      -0.0000000000
    9      -0.0000000000
   10      -0.3588235714
 Sym= A
 Ene=      0.37447240
  Spin= Alpha
 Occup= 0.0
    1      -0.0000000000
    2       0.0000000000
    3       0.1311430914
    4       0.9490249860
    5       0.0000000000
    6       0.0000000000
    7      -0.0000000000
    8      -0.0993188196
    9      -0.7187267005
   10       0.0000000000
 Sym= A
 Ene=      0.37447240
  Spin= Alpha
 Occup= 0.0
    1       0.0000000000
    2      -0.0000000000
    3       0.9490249860
    4      -0.1311430914
    5      -0.0000000000
    6      -0.0000000000
    7       0.0000000000
    8      -0.7187267005
    9       0.0993188196
   10      -0.0000000000
 Sym= A
 Ene=      1.29134497
  Spin= Alpha
 Occup= 0.0
    1       0.1041743561
    2      -1.3136934146
    3      -0.0000000000
    4       0.0000000000
    5      -1.4425354772
    6      -0.1378904006
    7       1.4981232871
    8       0.0000000000
    9      -0.0000000000
   10      -1.0640840051
