1    1    1    1      4.785065951317
1    1    2    1      0.741380399618
2    1    2    1      0.136873390204
1    1    2    2      1.118946880626
2    1    2    2      0.256633396305
2    2    2    2      0.817206319953
3    1    3    1      0.024477411371
3    1    3    2      0.037808607180
3    2    3    2      0.180518390797
4    1    4    1      0.024477411371
4    1    4    2      0.037808607180
4    2    4    2      0.180518390797
5    1    5    1      0.024477411371
5    1    5    2      0.037808607180
5    2    5    2      0.180518390797
3    3    1    1      1.115813835658
3    3    2    1      0.256683989887
3    3    2    2      0.817022608426
4    4    1    1      1.115813835658
4    4    2    1      0.256683989887
4    4    2    2      0.817022608426
5    5    1    1      1.115813835658
5    5    2    1      0.256683989887
5    5    2    2      0.817022608426
3    3    3    3      0.880159100744
4    3    4    3      0.047444444784
4    4    3    3      0.785270211177
4    4    4    4      0.880159100744
5    3    5    3      0.047444444784
5    4    5    4      0.047444444784
5    5    3    3      0.785270211177
5    5    4    4      0.785270211177
5    5    5    5      0.880159100744
6    1    1    1      0.154968996043
6    2    1    1      0.374685378530
6    1    2    1      0.028366857922
6    2    2    1      0.087001715837
6    1    2    2      0.052838356822
6    2    2    2      0.306465898849
6    1    5    1      0.001309135203
6    2    5    1      0.006527891501
6    1    5    2      0.002448931417
6    2    5    2      0.049740638359
6    1    3    3      0.052736617487
6    2    3    3      0.301278710724
6    1    4    4      0.052736617487
6    2    4    4      0.301278710724
6    1    5    5      0.053048971733
6    2    5    5      0.316549438725
6    1    6    1      0.005955636746
6    1    6    2      0.018378763300
6    2    6    2      0.141954222757
6    5    1    1      0.268838253123
6    5    2    1      0.063235187223
6    5    2    2      0.237860665705
6    3    3    1      0.009131277786
6    3    3    2      0.053055427074
6    4    4    1      0.009131277786
6    4    4    2      0.053055427074
6    5    5    1      0.013292050625
6    5    5    2      0.089642389999
6    3    5    3      0.010350912188
6    4    5    4      0.010350912188
6    5    3    3      0.227052872678
6    5    4    4      0.227052872678
6    5    5    5      0.259211451291
6    5    6    1      0.013952397640
6    5    6    2      0.133826841972
6    3    6    3      0.020297729454
6    4    6    4      0.020297729454
6    5    6    5      0.145017629319
6    6    1    1      0.512305292098
6    6    2    1      0.120892277537
6    6    2    2      0.488120878445
6    6    5    1      0.011817613228
6    6    5    2      0.123871263393
6    6    3    3      0.468348303134
6    6    4    4      0.468348303134
6    6    5    5      0.527059183626
6    6    6    1      0.025770562029
6    6    6    2      0.283780875127
6    6    6    5      0.305455648649
6    6    6    6      0.774605960366
