0   0   0   0         4.78506477
0   0   0   1         0.74138028
0   0   0   4        -0.00000000
0   0   0   5         0.45464380
0   0   1   1         1.11894680
0   0   1   4         0.00000000
0   0   1   5         0.77225193
0   0   2   2         1.11581372
0   0   3   3         1.11581372
0   0   4   4         1.11581372
0   0   5   5         0.80653596
0   1   0   1         0.13687338
0   1   0   4        -0.00000000
0   1   0   5         0.08292846
0   1   1   1         0.25663340
0   1   1   4         0.00000000
0   1   1   5         0.17785789
0   1   2   2         0.25668399
0   1   3   3         0.25668399
0   1   4   4         0.25668399
0   1   5   5         0.18774955
0   2   0   2         0.02447741
0   2   1   2         0.03780861
0   2   2   4         0.00000000
0   3   0   3         0.02447741
0   3   1   3         0.03780861
0   3   3   4         0.00000000
0   4   0   4         0.02447741
0   4   0   5         0.00350897
0   4   1   1        -0.00000000
0   4   1   4         0.03780861
0   4   1   5         0.01158553
0   4   2   2        -0.00000000
0   4   3   3        -0.00000000
0   4   4   4         0.00000000
0   4   5   5         0.02081074
0   5   0   5         0.05082209
0   5   1   1         0.15341659
0   5   1   4         0.00644213
0   5   1   5         0.10844831
0   5   2   2         0.15308327
0   5   3   3         0.15308327
0   5   4   4         0.15409445
0   5   5   5         0.11615084
1   1   1   1         0.81720640
1   1   1   4        -0.00000000
1   1   1   5         0.59050421
1   1   2   2         0.81702267
1   1   3   3         0.81702267
1   1   4   4         0.81702267
1   1   5   5         0.67093701
1   2   1   2         0.18051840
1   2   2   4        -0.00000000
1   3   1   3         0.18051840
1   3   3   4        -0.00000000
1   4   1   4         0.18051840
1   4   1   5         0.07257300
1   4   2   2         0.00000000
1   4   3   3         0.00000000
1   4   4   4         0.00000000
1   4   5   5         0.15071265
1   5   1   5         0.46429937
1   5   2   2         0.58411361
1   5   3   3         0.58411361
1   5   4   4         0.60281021
1   5   5   5         0.57353873
2   2   2   2         0.88015914
2   2   3   3         0.78527025
2   2   4   4         0.78527025
2   2   5   5         0.65070007
2   3   2   3         0.04744445
2   4   2   4         0.04744445
3   3   3   3         0.88015914
3   3   4   4         0.78527025
3   3   5   5         0.65070007
3   4   3   4         0.04744445
4   4   4   4         0.88015914
4   4   5   5         0.71073379
5   5   5   5         0.77460577
