 [Molden Format]
 [ATOMS] AU
N       1      7         0.00000000         0.00000000        -1.16998296
O       2      8         0.00000000         0.00000000         1.02373509
 [Molden Format]
 [GTO]
           1           0
 s           3 1.00
   99.106168999999994       0.15432899999999999     
   18.052312400000002       0.53532809999999997     
   4.8856602000000002       0.44463449999999999     
 s           3 1.00
   3.7804559000000002       -9.9967200000000006E-002
  0.87849659999999996       0.39951280000000000     
  0.28571439999999998       0.70011550000000000     
 p           3 1.00
   3.7804559000000002       0.15591630000000001     
  0.87849659999999996       0.60768370000000005     
  0.28571439999999998       0.39195740000000001     

           2           0
 s           3 1.00
   130.70932139999999       0.15432899999999999     
   23.808866099999999       0.53532809999999997     
   6.4436083000000002       0.44463449999999999     
 s           3 1.00
   5.0331513000000001       -9.9967200000000006E-002
   1.1695960999999999       0.39951280000000000     
  0.38038899999999998       0.70011550000000000     
 p           3 1.00
   5.0331513000000001       0.15591630000000001     
   1.1695960999999999       0.60768370000000005     
  0.38038899999999998       0.39195740000000001     


 [MO]
 Sym= A
 Ene=    -20.44471224
  Spin= Alpha
 Occup= 1.0
    1       0.0004582505
    2      -0.0068266603
    3      -0.0000000000
    4      -0.0000000000
    5      -0.0055528234
    6       0.9944685616
    7       0.0248617759
    8      -0.0000000000
    9       0.0000000000
   10      -0.0056060114
 Sym= A
 Ene=    -15.47889371
  Spin= Alpha
 Occup= 1.0
    1      -0.9939656707
    2      -0.0265598084
    3      -0.0000000000
    4       0.0000000000
    5      -0.0063178480
    6      -0.0004743352
    7       0.0074186807
    8       0.0000000000
    9      -0.0000000000
   10      -0.0039649959
 Sym= A
 Ene=     -1.52901176
  Spin= Alpha
 Occup= 1.0
    1      -0.1524448295
    2       0.4552594641
    3      -0.0000000000
    4      -0.0000000000
    5       0.1949044224
    6      -0.1881844111
    7       0.6167605628
    8      -0.0000000000
    9      -0.0000000000
   10      -0.1948493266
 Sym= A
 Ene=     -0.88384340
  Spin= Alpha
 Occup= 1.0
    1       0.1913344710
    2      -0.7924314449
    3      -0.0000000000
    4       0.0000000000
    5       0.1119086932
    6      -0.1684376212
    7       0.7528530872
    8      -0.0000000000
    9       0.0000000000
   10       0.2708830201
 Sym= A
 Ene=     -0.69837370
  Spin= Alpha
 Occup= 1.0
    1      -0.0000000000
    2       0.0000000000
    3      -0.3257377620
    4       0.5309256618
    5      -0.0000000000
    6       0.0000000000
    7      -0.0000000000
    8      -0.3475595857
    9       0.5664934330
   10       0.0000000000
 Sym= A
 Ene=     -0.56698051
  Spin= Alpha
 Occup= 1.0
    1       0.0841970425
    2      -0.4382590977
    3      -0.0000000000
    4      -0.0000000000
    5       0.5988627693
    6       0.0535261186
    7      -0.2971014782
    8      -0.0000000000
    9      -0.0000000000
   10      -0.6112222951
 Sym= A
 Ene=     -0.55490265
  Spin= Alpha
 Occup= 1.0
    1      -0.0000000000
    2       0.0000000000
    3      -0.6670986220
    4      -0.4092836866
    5      -0.0000000000
    6      -0.0000000000
    7       0.0000000000
    8      -0.4108112311
    9      -0.2520441950
   10       0.0000000000
 Sym= A
 Ene=     -0.32583438
  Spin= Alpha
 Occup= 1.0
    1      -0.0000000000
    2       0.0000000000
    3       0.4236175072
    4      -0.6904615662
    5      -0.0000000000
    6      -0.0000000000
    7       0.0000000000
    8      -0.4059054276
    9       0.6615923387
   10       0.0000000000
 Sym= A
 Ene=      0.24849331
  Spin= Alpha
 Occup= 0.0
    1      -0.0000000000
    2      -0.0000000000
    3       0.5599988047
    4       0.3435749494
    5       0.0000000000
    6       0.0000000000
    7      -0.0000000000
    8      -0.7680191173
    9      -0.4712012368
   10      -0.0000000000
 Sym= A
 Ene=      0.86900457
  Spin= Alpha
 Occup= 0.0
    1      -0.1052847193
    2       0.7671605144
    3       0.0000000000
    4       0.0000000000
    5       1.0833601715
    6       0.1144738193
    7      -0.8317374074
    8      -0.0000000000
    9      -0.0000000000
   10       0.9964458215
 Sym= A
 Ene=    -20.45178889
  Spin= Beta
 Occup= 1.0
    1      -0.0004870057
    2       0.0068892964
    3      -0.0000000000
    4       0.0000000000
    5       0.0056509210
    6      -0.9943130363
    7      -0.0255030456
    8      -0.0000000000
    9       0.0000000000
   10       0.0057415509
 Sym= A
 Ene=    -15.44595384
  Spin= Beta
 Occup= 1.0
    1      -0.9947905763
    2      -0.0229938763
    3      -0.0000000000
    4       0.0000000000
    5      -0.0056376775
    6      -0.0003236398
    7       0.0062951900
    8       0.0000000000
    9      -0.0000000000
   10      -0.0032681926
 Sym= A
 Ene=     -1.51606508
  Spin= Beta
 Occup= 1.0
    1      -0.1187866860
    2       0.3092420652
    3       0.0000000000
    4      -0.0000000000
    5       0.1797720246
    6      -0.2124207660
    7       0.7355238685
    8       0.0000000000
    9       0.0000000000
   10      -0.2048000511
 Sym= A
 Ene=     -0.79841765
  Spin= Beta
 Occup= 1.0
    1       0.1766046456
    2      -0.6819201651
    3       0.0000000000
    4      -0.0000000000
    5      -0.0092245730
    6      -0.1467429572
    7       0.6820894819
    8      -0.0000000000
    9      -0.0000000000
   10       0.4730921125
 Sym= A
 Ene=     -0.60506824
  Spin= Beta
 Occup= 1.0
    1       0.0000000000
    2      -0.0000000000
    3       0.2897366217
    4       0.1777615314
    5      -0.0000000000
    6      -0.0000000000
    7       0.0000000000
    8       0.7442260775
    9       0.4566035405
   10       0.0000000000
 Sym= A
 Ene=     -0.53350242
  Spin= Beta
 Occup= 1.0
    1       0.0000000000
    2      -0.0000000000
    3       0.2069479471
    4      -0.3373080699
    5       0.0000000000
    6       0.0000000000
    7      -0.0000000000
    8       0.4395747777
    9      -0.7164705999
   10      -0.0000000000
 Sym= A
 Ene=     -0.52114706
  Spin= Beta
 Occup= 1.0
    1      -0.1321776059
    2       0.6314609475
    3       0.0000000000
    4       0.0000000000
    5      -0.5984798100
    6      -0.0224701737
    7       0.1454304327
    8       0.0000000000
    9      -0.0000000000
   10       0.5211641544
 Sym= A
 Ene=      0.28535703
  Spin= Beta
 Occup= 0.0
    1       0.0000000000
    2      -0.0000000000
    3       0.8213841506
    4       0.5039421791
    5       0.0000000000
    6      -0.0000000000
    7       0.0000000000
    8      -0.4524895333
    9      -0.2776150006
   10      -0.0000000000
 Sym= A
 Ene=      0.32113590
  Spin= Beta
 Occup= 0.0
    1       0.0000000000
    2      -0.0000000000
    3      -0.4926757850
    4       0.8030208582
    5       0.0000000000
    6      -0.0000000000
    7       0.0000000000
    8       0.3038599951
    9      -0.4952667077
   10      -0.0000000000
 Sym= A
 Ene=      0.91489500
  Spin= Beta
 Occup= 0.0
    1      -0.1166677310
    2       0.8103099514
    3       0.0000000000
    4       0.0000000000
    5       1.0918988246
    6       0.1135884924
    7      -0.8365580928
    8      -0.0000000000
    9       0.0000000000
   10       0.9697799020
