O    8.00000  -0.000000000000000   0.000000000000000   0.112012165942453
s    6    2
   130.709321400000       0.154329000000000       0.000000000000000E+000
   23.8088661000000       0.535328100000000       0.000000000000000E+000
   6.44360830000000       0.444634500000000       0.000000000000000E+000
   5.03315130000000       0.000000000000000E+000 -9.996720000000001E-002
   1.16959610000000       0.000000000000000E+000  0.399512800000000     
  0.380389000000000       0.000000000000000E+000  0.700115500000000     
p    3    1
   5.03315130000000       0.155916300000000     
   1.16959610000000       0.607683700000000     
  0.380389000000000       0.391957400000000     
H    1.00000   0.000000000000000   0.000000000000000  -1.777714354725203
s    3    1
   3.42525090000000       0.154329000000000     
  0.623913700000000       0.535328100000000     
  0.168855400000000       0.444634500000000     
END
