INTGRL        1    0    1    0    0    0    0    0    1
         *** CFOUR Program System (Release V0.1) *** 
bleh
    2    0            0.10E-08              0    0
   9999.00      3.00
          1.00000000    1    1    1
H #1  -0.000000000000000   0.000000000000000   1.794530481086515
    3    1
   3.4252509000000000       0.15432899999999999     
  0.62391370000000002       0.53532809999999997     
  0.16885539999999999       0.44463449999999999     
          9.00000000    1    2    1    1
F #2   0.000000000000000   0.000000000000000  -0.095196039581140
    6    2
   166.67913400000000       0.15432899999999999        0.0000000000000000     
   30.360812299999999       0.53532809999999997        0.0000000000000000     
   8.2168206999999995       0.44463449999999999        0.0000000000000000     
   6.4648032000000004        0.0000000000000000       -9.9967200000000006E-002
   1.5022812000000001        0.0000000000000000       0.39951280000000000     
  0.48858849999999998        0.0000000000000000       0.70011550000000000     
    3    1
   6.4648032000000004       0.15591630000000001     
   1.5022812000000001       0.60768370000000005     
  0.48858849999999998       0.39195740000000001     
FINISH
