INTGRL        1    0    1    0    0    0    0    0    0
         *** CFOUR Program System (Release V0.1) *** 
H
    2    0            0.10E-08              0    0
   9999.00      3.00
          2.00000000    1    1    1
HE#1  -0.000000000000000   0.000000000000000   0.380109961125490
    3    1
   6.3624213999999997       0.15432899999999999     
   1.1589229999999999       0.53532809999999997     
  0.31364979999999998       0.44463449999999999     
          1.00000000    1    1    1
H #2   0.000000000000000   0.000000000000000  -1.509616559542165
    3    1
   3.4252509000000000       0.15432899999999999     
  0.62391370000000002       0.53532809999999997     
  0.16885539999999999       0.44463449999999999     
FINISH
