 -0.994321224171371      -2.432854490742754E-002 -1.977774790692595E-020
 -4.920186134088809E-020 -3.515041565866345E-003  6.353473727125494E-003
  0.248539696229456      -0.933356221648319       7.453857789888592E-018
  1.370656229685859E-017 -0.102213116790202      -0.159006264549212     
  8.482234470155332E-002 -0.439847194516503      -1.496250870291063E-015
 -1.297669720617610E-015  0.699997932361019       0.504182829606406     
  1.374362316863399E-016 -7.302323170751021E-016  0.991690225199335     
  0.128648614141049       1.092844155376379E-015  9.009600712829978E-016
 -8.758947195588163E-017  4.522002870510347E-016  0.128648614141048     
 -0.991690225199335      -5.525353414290239E-016 -5.135829379539867E-016
  8.549471578520754E-002 -0.565660980620406       3.972284950499179E-018
 -1.584071945787998E-017 -0.847586690374364        1.11827856897331     
 -0.994877236835787      -2.203945441783439E-002 -2.360738211599314E-020
 -7.557910735680343E-021 -3.252782756247121E-003  5.795742688897721E-003
 -0.236891922737827       0.877745021893441      -2.810785372951988E-017
 -9.635260209203723E-017  0.105045123379587       0.241005009487943     
  0.103142073826364      -0.521312947129560       7.381646122802329E-017
 -1.309635484857766E-015  0.655244268753438       0.540700738750020     
  1.100611690384832E-016 -5.577659233609553E-016 -0.128648614141049     
  0.991690225199336       7.073744478011945E-016  5.827873359502496E-016
 -2.656426095969791E-017  1.370838507049954E-016  0.991690225199335     
  0.128648614141049       2.613022384425488E-016 -1.607028527121775E-016
  9.172822467325532E-002 -0.585230180572361       2.928083451539974E-016
  2.777756621627838E-017 -0.882309508899755        1.08609223741485     
