 [Molden Format]
 [ATOMS] AU
O       1      8         0.00000000         0.00000000        -0.11115977
H       2      1         0.00000000         0.00000000         1.77855639
 [Molden Format]
 [GTO]
           1           0
 s           3 1.00
   130.709321400000       0.154329000000000     
   23.8088661000000       0.535328100000000     
   6.44360830000000       0.444634500000000     
 s           3 1.00
   5.03315130000000      -9.996720000000001E-002
   1.16959610000000       0.399512800000000     
  0.380389000000000       0.700115500000000     
 p           3 1.00
   5.03315130000000       0.155916300000000     
   1.16959610000000       0.607683700000000     
  0.380389000000000       0.391957400000000     
 
           2           0
 s           3 1.00
   3.42525090000000       0.154329000000000     
  0.623913700000000       0.535328100000000     
  0.168855400000000       0.444634500000000     
 
 
 [MO]
 Sym= A
 Ene=    -20.28752220
  Spin= Alpha
 Occup= 1.0
    1      -0.9943212242
    2      -0.0243285449
    3      -0.0000000000
    4      -0.0000000000
    5      -0.0035150416
    6       0.0063534737
 Sym= A
 Ene=     -1.28387550
  Spin= Alpha
 Occup= 1.0
    1       0.2485396962
    2      -0.9333562216
    3       0.0000000000
    4       0.0000000000
    5      -0.1022131168
    6      -0.1590062645
 Sym= A
 Ene=     -0.54404633
  Spin= Alpha
 Occup= 1.0
    1       0.0848223447
    2      -0.4398471945
    3      -0.0000000000
    4      -0.0000000000
    5       0.6999979324
    6       0.5041828296
 Sym= A
 Ene=     -0.52380487
  Spin= Alpha
 Occup= 1.0
    1       0.0000000000
    2      -0.0000000000
    3       0.9916902252
    4       0.1286486141
    5       0.0000000000
    6       0.0000000000
 Sym= A
 Ene=     -0.42891599
  Spin= Alpha
 Occup= 1.0
    1      -0.0000000000
    2       0.0000000000
    3       0.1286486141
    4      -0.9916902252
    5      -0.0000000000
    6      -0.0000000000
 Sym= A
 Ene=      0.59014047
  Spin= Alpha
 Occup= 0.0
    1       0.0854947158
    2      -0.5656609806
    3       0.0000000000
    4      -0.0000000000
    5      -0.8475866904
    6       1.1182785690
 Sym= A
 Ene=    -20.25895111
  Spin= Beta
 Occup= 1.0
    1      -0.9948772368
    2      -0.0220394544
    3      -0.0000000000
    4      -0.0000000000
    5      -0.0032527828
    6       0.0057957427
 Sym= A
 Ene=     -1.11777804
  Spin= Beta
 Occup= 1.0
    1      -0.2368919227
    2       0.8777450219
    3      -0.0000000000
    4      -0.0000000000
    5       0.1050451234
    6       0.2410050095
 Sym= A
 Ene=     -0.49680978
  Spin= Beta
 Occup= 1.0
    1       0.1031420738
    2      -0.5213129471
    3       0.0000000000
    4      -0.0000000000
    5       0.6552442688
    6       0.5407007388
 Sym= A
 Ene=     -0.37683749
  Spin= Beta
 Occup= 1.0
    1       0.0000000000
    2      -0.0000000000
    3      -0.1286486141
    4       0.9916902252
    5       0.0000000000
    6       0.0000000000
 Sym= A
 Ene=      0.36098827
  Spin= Beta
 Occup= 0.0
    1      -0.0000000000
    2       0.0000000000
    3       0.9916902252
    4       0.1286486141
    5       0.0000000000
    6      -0.0000000000
 Sym= A
 Ene=      0.62551652
  Spin= Beta
 Occup= 0.0
    1       0.0917282247
    2      -0.5852301806
    3       0.0000000000
    4       0.0000000000
    5      -0.8823095089
    6       1.0860922374
