                   15                    0
   2.1142316583700311     
 -0.36387757330781645     
   1.7328867152816378     
   3.8573394538644258E-016
   2.1962544349482027E-017
   1.3567142581221368     
   4.4953965679867797E-016
  -1.4913982371403477E-016
   3.2104929825749196E-011
   1.3567142581940392     
  -5.8789466648710959E-002
  0.56812510000788841     
  -1.0568544317940012E-015
  -4.0945365736686721E-016
   1.6402127898320047     
   4.8903411900317530E-002
 -0.17350249295568482     
  -4.7735716123337973E-016
  -6.0408428894617942E-017
  0.33515786342562176     
   2.1965730598937414     
  -4.5159435172747495E-002
  -2.2091064650545507E-002
   1.2337548411281120E-016
   3.8237029984924911E-016
 -0.14474522113604638     
  -6.3401035491074426E-002
   2.7633758562261475E-002
  -3.1738426564356788E-016
   4.5841814920544527E-017
  0.42361250451304200     
  -8.0824132632641052E-013
   1.5374383856553701E-015
   6.5668649598643967E-016
  -1.4519382044820999E-017
  0.59758785730560682     
  -6.2753971679058053E-016
   1.0681606781995110E-015
  -8.0811840565013652E-013
  0.42361250451123428     
   1.7542480764902548E-016
  -4.4373312536833128E-016
  -4.1557769588987880E-016
  -6.6165573020526836E-011
  0.59758785715739526     
 -0.17394333123491909     
   8.6274614585671802E-002
  -5.5112018633993047E-016
  -7.3602431080060181E-016
 -0.59712314194805061     
  -1.2533459808701126E-014
   2.6825751638774474E-015
   3.3192232647974558E-016
   2.9730846420346345E-016
  0.72386016958600985     
  -7.7259032208979346E-003
  -6.2405175557014525E-002
  -3.5092980733196701E-016
  -1.4716714265103906E-016
  -4.7949301503115438E-003
   4.8903411900318036E-002
  -4.5159435172743123E-002
  -3.9623374341876041E-016
   1.0559102054917799E-016
  0.17394333123490008     
   2.1142316583700360     
  -6.2405175557023254E-002
  0.26340486597359047     
  -2.4828585329870579E-016
  -9.0441670700591690E-016
 -0.23445476446678004     
 -0.17350249295570669     
  -2.2091064650535751E-002
  -2.9185372731410933E-016
   3.8124327730339605E-016
  -8.6274614585581069E-002
 -0.36387757330783449     
   1.7328867152817711     
   7.7168443511573747E-016
  -2.1596893951362042E-015
 -0.75614129872865621     
   3.2102653868548714E-011
  -1.1088489217278263E-015
  -8.1899810860980053E-016
   1.5508477396463019E-016
  0.42361250451305271     
  -8.0844958493093829E-013
   1.9761181079328486E-015
   4.2567396132931765E-016
   2.0750037756151720E-015
   1.3567142581221228     
  -3.1497232239822308E-016
  -6.3523953073228196E-016
   3.2102265290490095E-011
 -0.75614129865674939     
  -1.4196372193610306E-016
   2.2082658094632277E-016
  -9.6814263619437417E-016
  -8.0610621820541397E-013
  0.42361250451123672     
   1.1978489654829104E-015
  -3.4543769425932313E-016
   1.1527433372974855E-015
   3.2101765690129014E-011
   1.3567142581940357     
   4.7949301503063119E-003
  0.23445476446681895     
  -3.3055657692397556E-016
  -5.4139150558626371E-016
  -2.4076540961782023E-002
 -0.33515786342562798     
  0.14474522113603694     
   3.3245262744473026E-016
   4.0439270601444505E-016
 -0.59712314194805161     
   5.8789466648703284E-002
 -0.56812510000785132     
   4.7572417102702334E-016
   4.1949999460297086E-016
   1.6402127898320109     
