   -0.18332322641294038590E+03
    11
    11
   -0.20497571336442572232E+02   -0.52395081474900457863E+01   -0.14571715770604467356E-15   -0.11382872381022933369E-15
   -0.52395081474900457863E+01   -0.29455355859066330027E+01   -0.15488190928757127618E-16   -0.91534883292212684085E-17
   -0.14571715770604467356E-15   -0.15488190928757127618E-16   -0.60484587885602181245E+00   -0.81001706595351029521E-11
   -0.11382872381022933369E-15   -0.91534883292212684085E-17   -0.81001706595351029521E-11   -0.60484587887416552121E+00
    0.64386740953282811661E-01    0.74583019985007692476E+00    0.12699152582837503691E-15    0.53710816121059886362E-16
   -0.36340794023948290448E-01   -0.16003929524956592712E+01    0.43753135976578146188E-16    0.80398999299702331825E-16
   -0.20151232919034072211E+01   -0.19827758303872693446E+01   -0.19626484121329523190E-16    0.24597196609722386499E-17
   -0.38102260211671853245E-16    0.97427215626984791576E-17   -0.68305743981849253998E+00    0.37653951453028760130E-12
    0.70839010526358923370E-16   -0.13180326055052257852E-15    0.37647788368608438156E-12   -0.68305743981764521777E+00
   -0.33928398548572444859E+01   -0.17903629408544334822E+01   -0.56658159445782890356E-16   -0.47404313489194736530E-16
    0.74781183806949113745E-04   -0.12169320297859402558E+00    0.86489325508064053595E-16    0.29106622012815464946E-16
   -0.12169320297859419211E+00   -0.50942502212540818896E+00    0.22847051728645935117E-16    0.37013856550037900564E-16
   -0.78720795385690112961E-16    0.34225696951451538071E-16   -0.10549369189159618632E+00   -0.27727258436783780579E-11
    0.84097722712240701088E-16   -0.97235956420695021059E-17   -0.27728566179818685193E-11   -0.10549369189780588574E+00
   -0.24353471243973082161E+00   -0.67609786521574433138E+00    0.37133906805953543707E-17    0.19759584581862844684E-16
    0.64386740953282811661E-01   -0.36340794023948290448E-01   -0.20151232919034072211E+01   -0.38102260211671853245E-16
    0.74583019985007692476E+00   -0.16003929524956592712E+01   -0.19827758303872693446E+01    0.97427215626984791576E-17
    0.12699152582837503691E-15    0.43753135976578146188E-16   -0.19626484121329523190E-16   -0.68305743981849253998E+00
    0.53710816121059886362E-16    0.80398999299702331825E-16    0.24597196609722386499E-17    0.37653951453028760130E-12
   -0.14118071337813908883E+01    0.25797536429472489594E+01    0.13691306259282676194E+01   -0.57881025643310722339E-16
    0.25797536429472489594E+01   -0.11590091577088571739E+02   -0.31460192126161361514E+01   -0.31538719049271584942E-16
    0.13691306259282676194E+01   -0.31460192126161361514E+01   -0.25616900684502166285E+01    0.55381003345625281526E-16
   -0.57881025643310722339E-16   -0.31538719049271584942E-16    0.55381003345625281526E-16   -0.65591661296894621103E+00
    0.21787140682135102071E-16    0.12386235504886009705E-15   -0.46555588582785718868E-16    0.11163756457381123702E-10
    0.32552291946990186133E+00   -0.34912834303635630924E-15   -0.12147995090940404123E-15   -0.44078958793473171445E-16
    0.24353471243973065508E+00   -0.36340794023948103098E-01   -0.20151232919034081092E+01    0.60737641520657974526E-16
    0.67609786521574255502E+00   -0.16003929524956590491E+01   -0.19827758303872640155E+01    0.64292556388484323547E-16
    0.15533185485640058071E-15    0.92968223395987966748E-16   -0.69250504493128776519E-16   -0.68305743981849520452E+00
    0.18310567103277377909E-16    0.12236047498306315007E-16    0.55166024717325246165E-16    0.37648169507403771990E-12
    0.81048355345704470309E+00   -0.25797536429472476271E+01   -0.13691306259282676194E+01    0.15866236311066338199E-16
    0.70839010526358923370E-16   -0.33928398548572444859E+01    0.74781183806949113745E-04   -0.12169320297859419211E+00
   -0.13180326055052257852E-15   -0.17903629408544334822E+01   -0.12169320297859402558E+00   -0.50942502212540818896E+00
    0.37647788368608438156E-12   -0.56658159445782890356E-16    0.86489325508064053595E-16    0.22847051728645935117E-16
   -0.68305743981764521777E+00   -0.47404313489194736530E-16    0.29106622012815464946E-16    0.37013856550037900564E-16
    0.21787140682135102071E-16    0.32552291946990186133E+00    0.24353471243973065508E+00    0.67609786521574255502E+00
    0.12386235504886009705E-15   -0.34912834303635630924E-15   -0.36340794023948103098E-01   -0.16003929524956590491E+01
   -0.46555588582785718868E-16   -0.12147995090940404123E-15   -0.20151232919034081092E+01   -0.19827758303872640155E+01
    0.11163756457381123702E-10   -0.44078958793473171445E-16    0.60737641520657974526E-16    0.64292556388484323547E-16
   -0.65591661294393688308E+00   -0.13542857224315960901E-15    0.47411582251271516938E-16    0.39296631939293841417E-16
   -0.13542857224315960901E-15   -0.26552328800658280272E+01    0.33928398548572413773E+01    0.17903629408544246004E+01
    0.47411582251271516938E-16    0.33928398548572413773E+01   -0.20497571336442561574E+02   -0.52395081474900457863E+01
    0.39296631939293841417E-16    0.17903629408544246004E+01   -0.52395081474900457863E+01   -0.29455355859066294499E+01
    0.37687156568923890867E-12    0.13028406889870936582E-16   -0.19236441872204905780E-15   -0.96235834541215788250E-16
   -0.68305743981764788231E+00   -0.88579003406510409053E-16    0.16492619760790130094E-15    0.59701513948314047817E-16
   -0.17342731743619348335E-16    0.32552291946989830862E+00   -0.64386740953282825539E-01   -0.74583019985007892316E+00
   -0.78720795385690112961E-16    0.84097722712240701088E-16   -0.24353471243973082161E+00
    0.34225696951451538071E-16   -0.97235956420695021059E-17   -0.67609786521574433138E+00
   -0.10549369189159618632E+00   -0.27728566179818685193E-11    0.37133906805953543707E-17
   -0.27727258436783780579E-11   -0.10549369189780588574E+00    0.19759584581862844684E-16
    0.15533185485640058071E-15    0.18310567103277377909E-16    0.81048355345704470309E+00
    0.92968223395987966748E-16    0.12236047498306315007E-16   -0.25797536429472476271E+01
   -0.69250504493128776519E-16    0.55166024717325246165E-16   -0.13691306259282676194E+01
   -0.68305743981849520452E+00    0.37648169507403771990E-12    0.15866236311066338199E-16
    0.37687156568923890867E-12   -0.68305743981764788231E+00   -0.17342731743619348335E-16
    0.13028406889870936582E-16   -0.88579003406510409053E-16    0.32552291946989830862E+00
   -0.19236441872204905780E-15    0.16492619760790130094E-15   -0.64386740953282825539E-01
   -0.96235834541215788250E-16    0.59701513948314047817E-16   -0.74583019985007892316E+00
   -0.60484587885602358881E+00   -0.80993657777418206342E-11   -0.19088276959451755233E-17
   -0.80993657777418206342E-11   -0.60484587887416552121E+00    0.18518615652324902704E-16
   -0.19088276959451755233E-17    0.18518615652324902704E-16   -0.14118071337813802302E+01
