    0.70211459115984020674E+00    0.70259276153182859126E+00    0.66278879525502598646E-02    0.15887295226429976047E+00
    0.31442171631354418060E-01    0.36412836783005102237E-01   -0.12354267337923559300E-01   -0.56809488204970937097E+00
    0.15012044261692904918E-16    0.14727285756732085037E-15    0.14690968532976928674E-15   -0.47692560174542674644E-17
    0.57891772472477349371E-16    0.15258602778595863261E-15    0.21558121360725898827E-16    0.22339200892598412015E-16
   -0.10472044108711751204E-01   -0.13437702159115220285E-01    0.15970435363350923841E-01    0.28011232039030103946E+00
   -0.14560580119809215550E-02   -0.24044101872145707201E-13   -0.98943084377045664723E+00    0.30012410242021370088E+00
   -0.32557265416274461245E-01   -0.54616173901666196757E-12   -0.16415719574588987124E-02   -0.54998639626630596577E-01
   -0.27533445899776904710E-15    0.51831147897180879962E-17   -0.15132990061608101917E-15   -0.40486663770711138648E-16
   -0.92581980043915461193E-16   -0.13840421606385818269E-15    0.13408327742341339273E-15   -0.21727456443232311506E-15
    0.43424117409862521166E-12   -0.25874341806283260997E-01   -0.41674315591201911942E-15    0.10017587258558809545E-13
    0.70211459118332053553E+00   -0.70259276150836547092E+00    0.66278879525499597575E-02    0.15887295226432854300E+00
    0.31442171632574851536E-01   -0.36412836781951625487E-01   -0.12354267337923118680E-01   -0.56809488204981328785E+00
    0.43077757022211770575E-15   -0.92475421239538828726E-16    0.25902277363252343540E-15   -0.98235715786357767969E-15
   -0.29298745080555889135E-15    0.62470710839275738858E-16   -0.57310401658451138926E-16    0.48803552413619154554E-15
    0.10472044109162633591E-01   -0.13437702158764467872E-01   -0.15970435363352353253E-01   -0.28011232039035793839E+00
    0.17462375310970662534E+00   -0.44650034790912100923E-15    0.92985533879527421933E-16    0.79745512144385757858E-01
   -0.35407064038611246737E+00    0.27594797142282420695E-14   -0.38067476265907317186E-15   -0.49059000118303208726E+00
   -0.36541817268307093879E-16    0.36210682036088220892E+00    0.13791986983932902344E+00    0.30482735738538039162E-14
   -0.14218579641900138594E-15   -0.13791986981713075244E+00    0.36210682041898251127E+00   -0.33679412128204615631E-14
    0.24461554602475182874E+00    0.51613553537763015745E-14   -0.13343031222730636380E-15   -0.58652938973314916460E+00
    0.23470716034026499516E-13    0.10325173331283503412E-14    0.17378165417913084391E-16    0.13229116780634386317E-12
   -0.40779087199707319458E-14   -0.28588966794982333633E-15   -0.35493247090026495636E-15   -0.71843813897604561819E-13
   -0.12291396922449678730E-15    0.51082212304597207631E+00    0.19456281057696814263E+00    0.10989408837543473176E-14
   -0.35885425271571004753E-15   -0.19456281060939953353E+00    0.51082212296108375771E+00   -0.12506686925824325195E-14
   -0.52641736140550765555E+00   -0.57934140635261167988E-15    0.40374023106311474645E-15    0.29007820469652600970E+00
   -0.17462375310968200615E+00   -0.17574944913005715724E-15   -0.10285477023763823543E-15   -0.79745512144525798615E-01
    0.35407064038602442668E+00    0.42538463776617950510E-16    0.79213429805470453629E-15    0.49059000118367018795E+00
    0.10608621362717316691E-15    0.36210682036088925884E+00    0.13791986983933032795E+00    0.60151988792564141964E-15
    0.67292770510838162699E-17   -0.13791986981713125204E+00    0.36210682041898911709E+00    0.23784513258247516922E-14
    0.24461554602470769737E+00   -0.60136803389614418085E-15   -0.97867804907917549962E-16   -0.58652938973404766809E+00
    0.91525929612155179638E-01    0.41269872713720963727E-15   -0.10316048132887602869E-14   -0.38300482414783476276E-15
   -0.41856882615002322101E+00   -0.16587285621114371918E-14    0.53638002505306565382E-14    0.38603493297432540030E-14
    0.63850397252564304430E-14    0.25904088426551569180E+00    0.67905206684881125323E+00    0.28223281004506312053E+00
   -0.30165347399035507747E-14    0.67905206684881014301E+00   -0.25904088426551358237E+00    0.74204976831327362774E+00
   -0.58072773495934304488E+00   -0.25043437844005588898E-14    0.55602175980670413956E-14   -0.16134898454116364385E-14
   -0.17098695384174705802E+00   -0.20219141591939752003E-15    0.99548713060288522562E-15    0.13623217989952850463E-15
    0.98637511274735120703E-01    0.54326948501023383777E-15   -0.81864597812696321319E-15   -0.76838506861174185984E-14
    0.19910930970434187576E-14   -0.40594072292878752770E-15   -0.95898804686128692088E-15   -0.41235392999440728667E+00
   -0.98186683685562182472E-15    0.13215596566804320769E-14   -0.90335746096994512316E-15   -0.10841657217900821930E+01
    0.20875759254296906387E-12   -0.99732735643422597528E-16   -0.14657034354042027686E-14    0.31634888221787884331E-15
    0.91525929612032291827E-01   -0.19224375941376825609E-15   -0.44593793245212716940E-15   -0.27358328291696816030E-15
   -0.41856882614928819786E+00    0.10811908710857057030E-15    0.13507887554643515656E-14    0.43315471746190240282E-14
   -0.22783945991954047624E-14   -0.25904088426551052926E+00   -0.67905206684880403678E+00    0.28223281004506434178E+00
    0.20600851267242539107E-14   -0.67905206684880570212E+00    0.25904088426551219460E+00    0.74204976831327496001E+00
    0.58072773495842933134E+00   -0.15449620774498588016E-14   -0.21237096093649520040E-14    0.23396698286153053967E-14
    0.17552031498590308801E-15    0.11581222400562039831E+00    0.65950688452272546169E-01
   -0.37302891942510288953E-14   -0.14134576040551400933E+01   -0.28895854575614507986E+01
    0.74204976834162417187E+00   -0.13966049847404276306E-14    0.86778814392205937408E-16
   -0.28223281005591133175E+00    0.28874001094939243520E-14    0.24199328055730396523E-15
    0.24108272865570878374E-14    0.74942200534273473167E+00    0.13351614314241326831E+01
    0.79993899202239616746E-16   -0.78677411175196946408E-02   -0.23592239273284576484E-15
    0.71749033835370456930E-14    0.26932891272954710971E+01    0.89650509238481390639E-13
   -0.10841657217500857424E+01    0.21192970067894296840E-14   -0.26119505942634068127E-15
    0.41235392997910469415E+00   -0.44787692884205522925E-14   -0.42660852374268268753E-15
    0.35754144158802140020E-15   -0.18544938357953160136E-12    0.38834715346673549519E+01
    0.46105442830340469903E-15    0.11581222400562644903E+00   -0.65950688452263095396E-01
   -0.36570802871050987984E-14   -0.14134576040554145404E+01    0.28895854575613517667E+01
    0.74204976834162816868E+00   -0.14230253145841206434E-14    0.86839580878547658897E-16
   -0.28223281005591122073E+00    0.35918026232414476331E-14    0.25475905503088256799E-15
   -0.18888735360087669452E-14   -0.74942200534285841051E+00    0.13351614314240838333E+01
