INTGRL        1    0    1    0    0    0    0    0    0
         *** CFOUR Program System (Release V0.1) *** 
H2
    2    0            0.10E-08              0    0
   9999.00      3.00
          1.00000000    1    1    1
H #1  -0.000000000000000   0.000000000000000   0.944863260333828
    3    1
   3.42525090000000       0.154329000000000     
  0.623913700000000       0.535328100000000     
  0.168855400000000       0.444634500000000     
          1.00000000    1    1    1
H #2   0.000000000000000   0.000000000000000  -0.944863260333828
    3    1
   3.42525090000000       0.154329000000000     
  0.623913700000000       0.535328100000000     
  0.168855400000000       0.444634500000000     
FINISH
