                   15                    0
   2.1079079590587586     
 -0.42445818715872313     
   1.9587539327161476     
  -1.4438731664420455E-016
  -3.9840371559920755E-016
   1.3844255711880540     
   4.3735391097443036E-016
  -4.7027130108144371E-016
  -7.2164496600635175E-016
   1.3844255711880544     
   9.8725786995490034E-002
 -0.66598113146001614     
   2.9730101215294965E-016
   8.7043372456516522E-017
   1.1661631654483950     
   2.8123549164962701E-002
  -6.4703945904220322E-002
  -3.0191464430015126E-016
  -2.1935827484018945E-016
 -0.21662039167091271     
   2.0987368996741620     
  -2.3299029000348182E-002
 -0.12057099952881833     
   5.4111448919635137E-017
  -9.2803378061065025E-017
  0.47444084504074263     
 -0.16976479264013170     
  0.43101092282921771     
   2.1992209225025911E-016
   4.5071789710173444E-016
  0.48323211219942924     
   5.9039670834401489E-016
  -5.1663489757988901E-016
   4.5524076825907523E-016
  -1.9959659687805203E-016
  0.63392572679809411     
  -6.1986048498784009E-016
   4.0893880185937958E-016
   2.1149287717819513E-016
  0.48323211219942874     
  -3.2729022882394994E-016
   3.1260874932530205E-016
   2.4559328797882315E-016
   4.3021142204222257E-016
  0.63392572679809511     
   8.6980722717197312E-002
   1.3057404110180804E-002
  -5.1831571706598006E-016
  -3.5136968637570645E-016
 -0.52661745112285041     
  -2.0560443114027065E-015
   1.0012639228764951E-014
   4.5392028041651071E-016
   1.4393657193656774E-016
  0.59098937208648139     
   7.5636684393917859E-004
  -3.4401711817585168E-002
  -1.3258925362212253E-016
  -1.8986534413745674E-016
   1.5908554596123364E-003
   2.8123549164962510E-002
  -2.3299029000347287E-002
   1.7389492080221095E-016
   2.6818133597509347E-016
  -8.6980722717188555E-002
   2.1079079590587595     
  -3.4401711817589262E-002
  0.13876469779602263     
   4.5363663498397806E-016
   4.8308174525011095E-016
   8.3917120887873953E-002
  -6.4703945904217325E-002
 -0.12057099952883565     
  -4.1934161384590146E-016
  -5.3016077999499061E-016
  -1.3057404110216997E-002
 -0.42445818715873052     
   1.9587539327161976     
  -1.7339240225203307E-016
   1.6075442391727038E-016
 -0.64770432959975788     
  -2.7755575615628914E-016
   6.1601992579314532E-016
  -3.5642142835258255E-016
   6.4349467787792874E-016
  0.48323211219943724     
  -5.6884591322945920E-016
   8.2707471101716365E-016
  -3.6585252966985939E-017
  -6.5872992549118589E-016
   1.3844255711880427     
   4.3997916395479702E-016
  -1.9738690757717269E-016
  -2.0816681711721685E-016
 -0.64770432959975854     
   1.7055095154453819E-016
  -3.1734417212817552E-016
   9.6672059753097931E-016
  -1.6538945672971274E-016
  0.48323211219943790     
   8.8836890104210407E-016
  -7.2047813299991641E-017
  -7.8429580093703729E-016
   3.0531133177191805E-016
   1.3844255711880415     
  -1.5908554596088809E-003
  -8.3917120887888719E-002
  -3.6980527117462996E-016
  -3.8129625270087967E-016
   6.7053234214149604E-002
  0.21662039167091238     
 -0.47444084504074929     
   3.6706445364143231E-016
   4.5046261967761666E-016
 -0.52661745112286429     
  -9.8725786995487855E-002
  0.66598113146001481     
   4.2866714389815862E-016
   5.6465584833338594E-016
   1.1661631654483711     
