INTGRL        1    0    1    0    0    0    0    0    0
         *** CFOUR Program System (Release V0.1) *** 
co2
    3    0            0.10E-08              0    0
   9999.00      3.00
          8.00000000    1    2    1    1
O #1   0.000000000000000   0.000000000000000  -1.889726520667656
    6    2
   130.70932139999999       0.15432899999999999        0.0000000000000000     
   23.808866099999999       0.53532809999999997        0.0000000000000000     
   6.4436083000000002       0.44463449999999999        0.0000000000000000     
   5.0331513000000001        0.0000000000000000       -9.9967200000000006E-002
   1.1695960999999999        0.0000000000000000       0.39951280000000000     
  0.38038899999999998        0.0000000000000000       0.70011550000000000     
    3    1
   5.0331513000000001       0.15591630000000001     
   1.1695960999999999       0.60768370000000005     
  0.38038899999999998       0.39195740000000001     
          6.00000000    1    2    1    1
C #2  -0.000000000000000   0.000000000000000   0.000000000000000
    6    2
   71.616837300000000       0.15432899999999999        0.0000000000000000     
   13.045096300000001       0.53532809999999997        0.0000000000000000     
   3.5305122000000000       0.44463449999999999        0.0000000000000000     
   2.9412493999999998        0.0000000000000000       -9.9967200000000006E-002
  0.68348310000000001        0.0000000000000000       0.39951280000000000     
  0.22228990000000001        0.0000000000000000       0.70011550000000000     
    3    1
   2.9412493999999998       0.15591630000000001     
  0.68348310000000001       0.60768370000000005     
  0.22228990000000001       0.39195740000000001     
          8.00000000    1    2    1    1
O #3  -0.000000000000000   0.000000000000000   1.889726520667656
    6    2
   130.70932139999999       0.15432899999999999        0.0000000000000000     
   23.808866099999999       0.53532809999999997        0.0000000000000000     
   6.4436083000000002       0.44463449999999999        0.0000000000000000     
   5.0331513000000001        0.0000000000000000       -9.9967200000000006E-002
   1.1695960999999999        0.0000000000000000       0.39951280000000000     
  0.38038899999999998        0.0000000000000000       0.70011550000000000     
    3    1
   5.0331513000000001       0.15591630000000001     
   1.1695960999999999       0.60768370000000005     
  0.38038899999999998       0.39195740000000001     
FINISH
