    0.70269459424391533808E+00    0.70267538192170686528E+00    0.13767435453924334061E-02    0.14862901320102314684E+00
    0.25443856096524917337E-01    0.22069964680781584826E-01    0.25079685381607106157E-02   -0.50496812229915433168E+00
    0.82249320147581692672E-16   -0.58108726252123482063E-16   -0.12345079719019863153E-16    0.63994726950912040466E-16
    0.63903168861521485015E-16    0.70739355143089726332E-16    0.68178005044840364796E-16    0.11256476640767749665E-15
    0.83074103652356588723E-02    0.63869194716213552668E-02   -0.36878160335398870243E-02   -0.20634369951231856799E+00
   -0.44958844247650038493E-15   -0.12525811337488012461E-04   -0.99292887627893133828E+00    0.20682425370571316803E+00
    0.86483063858698825446E-12   -0.16782917003757450575E-01   -0.25155692949214374099E-01   -0.26885609265108229016E+00
    0.13749914873581916767E-16    0.13239399198068427605E-15   -0.17827317211531233104E-15    0.57960398146487206743E-15
   -0.22287064429794558827E-15   -0.74934985686044503758E-16   -0.11662556578271424273E-15   -0.17530222670402431097E-15
    0.17060280878060114784E-01    0.87880971302978485173E-12   -0.17142527272173634644E-15    0.10357474200581838452E-13
   -0.70269459431629621715E+00    0.70267538184932387679E+00    0.13767435453939287377E-02    0.14862901320102028802E+00
   -0.25443856098798948995E-01    0.22069964678160317040E-01    0.25079685381608689092E-02   -0.50496812229915177817E+00
   -0.23099614658783092535E-15   -0.11899254574025195902E-15    0.15807067318773374431E-15    0.15761524201064939456E-15
    0.29002909956715055765E-15    0.17584851987649946981E-15    0.14305630693032752455E-15   -0.56292092824831317356E-15
    0.83074103658938216327E-02   -0.63869194707651183104E-02    0.36878160335408697451E-02    0.20634369951231579243E+00
    0.16034283179654187923E+00   -0.10757388927593713570E-14   -0.91735162536068959979E-15    0.10639976588235844357E+00
   -0.45440754982564607323E+00    0.53733329219566246750E-14    0.49686017894597793645E-14   -0.51854939961644730406E+00
   -0.17603427151864398583E-15    0.42909092472538340468E+00    0.78287109662914002028E-02    0.27836814925303881361E-14
    0.17483702898560678373E-15    0.78287109662914244890E-02   -0.42909092472537802010E+00   -0.34305965998405637099E-14
   -0.16705404191164774375E+00   -0.39767894804068287563E-14   -0.42700450861047785294E-14    0.48181466120564842015E+00
   -0.26204860510613733287E-14    0.55962741048557342697E-15    0.66186468285913101336E-15   -0.14382080659876225748E+00
    0.30184946571500946483E-14   -0.16862084770591503278E-14   -0.22246809852138608937E-14    0.37723651422958959234E+00
    0.60209206093559752529E-15    0.56290086989653442817E+00    0.10270056902075769614E-01    0.27192090788680789008E-14
   -0.41761144919871860897E-15    0.10270056902076159927E-01   -0.56290086989653487226E+00   -0.30842275686661096425E-14
    0.39515173415829896175E+00    0.11281614102649323454E-14    0.10247451735466332540E-14    0.46809234548007247750E-14
   -0.16034283179654543194E+00   -0.21705076510932767281E-15   -0.24004699742834616056E-15    0.10639976588235607047E+00
    0.45440754982565934039E+00    0.58233412148594562017E-15    0.12377773163213322140E-14   -0.51854939961644141988E+00
    0.11789505103028376515E-14    0.42909092472536991547E+00    0.78287109662921634812E-02    0.22290466316185201359E-14
   -0.13595795189990465276E-15    0.78287109662916049002E-02   -0.42909092472537480045E+00   -0.69797867030280050814E-15
   -0.16705404191165110217E+00    0.96055121128003171532E-15    0.28072860237450749765E-15   -0.48181466120562016497E+00
    0.85430565459251761595E-01   -0.12767345392673186742E-15    0.44396144410173957463E-15    0.16642088832438270866E-15
   -0.49785911418628781000E+00   -0.11892702341369388901E-15   -0.19094997050478980763E-14    0.49932885224192552784E-16
    0.18136154779580655939E-14    0.70771973561930046071E+00    0.84647805712233473163E-01    0.65579919900590410986E+00
   -0.31135327592125900322E-14   -0.84647805712234458486E-01    0.70771973561930379137E+00   -0.42932045494425925825E-01
    0.52946013441015982171E+00   -0.86420808770953895369E-15    0.21510918206803515899E-14   -0.45151291659853993070E-15
    0.43255707007144441756E-14    0.16663337619032882087E-16   -0.39228120797309114174E-15    0.14202219399885091832E-15
   -0.12933120073648672391E-13   -0.42737234076431057103E-15    0.42862292298928128091E-15    0.77914488259605178648E-15
    0.17611937915749835128E-14   -0.81236467158101443506E-14   -0.60967890422697920356E-15   -0.96473964818917690156E+00
   -0.21614951168384610579E-14    0.40850172628170305406E-15   -0.44613953222632525207E-14    0.63156903102532968575E-01
   -0.37290580560148356426E+00    0.15315480715681376045E-15   -0.13608149877488394750E-14    0.63029754260151471871E-15
   -0.85430565459255800032E-01   -0.56777668480061494630E-16   -0.13509656910807236406E-15    0.14991730479145480387E-15
    0.49785911418630940384E+00    0.78252997664168543507E-15    0.82348325646588571743E-15   -0.86543852098165258181E-15
    0.14676406088939128907E-14   -0.70771973561930456853E+00   -0.84647805712234208686E-01    0.65579919900590843973E+00
    0.13998855294370018745E-15    0.84647805712233209485E-01   -0.70771973561930134888E+00   -0.42932045494426619714E-01
    0.52946013441017425460E+00   -0.35210456921239999800E-15   -0.15017998915436636164E-15    0.70307243778594409084E-15
   -0.36687504073788004284E-15    0.10166715498198351797E+00    0.10426636647894314824E+00
    0.73573484073380525962E-15   -0.83946323953500290305E+00   -0.13941691132860236646E+01
    0.42932045494426487875E-01   -0.28565154478325586632E-15    0.75259636833670596518E-16
    0.65579919900590410986E+00    0.27581224300147806845E-15    0.98128043788390962420E-17
    0.22419794424665203477E-15   -0.72799945415317846020E+00   -0.93181611024377897223E+00
    0.24611477655839461745E-15   -0.16542207162354530259E+00   -0.28763168227895008554E-14
   -0.63052376430763004699E-15    0.17887130273668936375E+01    0.28524572928001742588E-13
   -0.63156903102532774286E-01    0.45376106600605571715E-15   -0.17945868379867279340E-15
   -0.96473964818917645747E+00   -0.43623336133693284335E-15   -0.97525968757843880853E-16
    0.34273858086294754944E-15    0.33188521083352756427E-13   -0.22443004044792651541E+01
    0.11337468562561770342E-15    0.10166715498198657108E+00   -0.10426636647893822163E+00
   -0.92775941841564332037E-16   -0.83946323953504264903E+00    0.13941691132859912461E+01
    0.42932045494426362975E-01   -0.45040218391342583211E-15    0.37499456211326515408E-15
    0.65579919900590888382E+00   -0.20357114346958572300E-16    0.28600991795228127341E-15
    0.44502998985980176134E-16    0.72799945415321032360E+00   -0.93181611024376076458E+00
