           1           1           1          -1           1           0          -1           3           0           0           0           0           0           0           0           0           0           0           0           0           0           0           0           0
           1           1           1          -1           1           0          -1           3           0           0           0           0           0           0           0           0           0           0           0           0           0           0           0           0

 atom, #sections, #orbitals, dummy, {principle quantum number, angular quantum number, orientation, #primatives}


 atom #:           0
  0.15432899999999999        3.4252509000000000       0.53532809999999997       0.62391370000000002       0.44463449999999999       0.16885539999999999     
 atom #:           1
  0.15432899999999999        3.4252509000000000       0.53532809999999997       0.62391370000000002       0.44463449999999999       0.16885539999999999     

